id,x,y,ra,dec,SEflags,iso_area,fap_Ksall,eap_Ksall,apcorr,Ks_ratio,fapcirc09_Ksall,eapcirc09_Ksall,apcorr09,fcirc09_Ksall,ecirc09_Ksall,fauto_Ksall,flux50_radius,a_vector,b_vector,kron_radius,f_Ksall,e_Ksall,w_Ksall,f_B,e_B,w_B,f_G,e_G,w_G,f_I,e_I,w_I,f_IA427,e_IA427,w_IA427,f_IA484,e_IA484,w_IA484,f_IA505,e_IA505,w_IA505,f_IA527,e_IA527,w_IA527,f_IA624,e_IA624,w_IA624,f_IA709,e_IA709,w_IA709,f_IA738,e_IA738,w_IA738,f_R,e_R,w_R,f_U,e_U,w_U,f_V,e_V,w_V,f_Rp,e_Rp,w_Rp,f_Z,e_Z,w_Z,f_Zp,e_Zp,w_Zp,f_Hl,e_Hl,w_Hl,f_Hs,e_Hs,w_Hs,f_J1,e_J1,w_J1,f_J2,e_J2,w_J2,f_J3,e_J3,w_J3,f_Ks,e_Ks,w_Ks,f_NB118,e_NB118,w_NB118,f_NB209,e_NB209,w_NB209,f_F125W,e_F125W,w_F125W,f_F140W,e_F140W,w_F140W,f_F160W,e_F160W,w_F160W,f_F606W,e_F606W,w_F606W,f_F814W,e_F814W,w_F814W,f_UVISTA_J,e_UVISTA_J,w_UVISTA_J,f_UVISTA_H,e_UVISTA_H,w_UVISTA_H,f_UVISTA_Ks,e_UVISTA_Ks,w_UVISTA_Ks,f_UVISTA_Y,e_UVISTA_Y,w_UVISTA_Y,f_IRAC_36,e_IRAC_36,w_IRAC_36,f_IRAC_45,e_IRAC_45,w_IRAC_45,f_IRAC_58,e_IRAC_58,w_IRAC_58,f_IRAC_80,e_IRAC_80,w_IRAC_80,wmin_optical,wmin_hst_optical,wmin_fs,wmin_jhk,wmin_hst,wmin_irac,wmin_all,star,nearstar,use,snr,use_nosnr,z_spec,z_peak,f24,e24,Messias Selection,Lacy Selection
678,4051.66,304.528,150.0774536,2.1853943,0,112.0,2.539448,0.119941,1.158023,2.375233,2.425735,0.1131019,1.646582,3.994172,0.1862315,5.208688,3.151,2.991,2.237,6.027,6.031779,0.3109686,0.51,0.030529372710000002,0.0260210448,1.0,0.059036094000000004,0.035464244400000004,1.0,0.1786396568,0.04208954024,1.0,0.1039429385,0.1017059765,1.0,0.050557023300000004,0.08816418029999999,1.0,0.2381032937,0.10320817043,1.0,-0.02778511659,0.08316377992999999,1.0,0.1632380816,0.08716586472,1.0,-0.06959581963,0.1068356569,1.0,0.26136061279999995,0.127402562,1.0,0.08847986285000001,0.037153605140000004,1.0,0.024339906920000005,0.05224942025,1.0,0.10786423619999999,0.045053648159999994,1.0,0.0524374464,0.0409610208,1.0,0.22626531199999997,0.123758128,1.0,0.30475598400000004,0.1509948224,1.0,2.575899216,0.6430621281,0.25,2.6110204560000003,0.7030368588,0.19,0.68952936,0.38648721599999997,0.13,0.45652394189999995,0.35059175709999996,0.14,1.30069775,0.450655901,0.19,5.333853515,1.190742885,0.06,1.603322,0.7462432,0.23,10.31571,1.385193,0.29,1.31046,0.0520821,6.22,-99.0,-99.0,0.0,2.68914,0.0674635,3.14,0.1884253191,0.09658448084999999,0.71,0.28170931229999996,0.1023597666,0.76,1.491366447,0.18241900200000002,1.01,3.672425925,0.2699983125,1.0,6.499474704000001,0.23785743960000003,1.01,0.186005908,0.12165196600000001,1.0,17.99549096,0.18211808640000002,0.73,24.446891664,0.17117420463,1.03,38.630676599000005,4.460979779500001,1.11,35.65425912,5.4594016682,1.06,1.0,0.71,0.13,1.0,0.0,1.06,0.51,0,0,1,21.44734,1,-99.0,2.1513,91.57,13.59,0,1
729,2901.932,305.551,150.1253967,2.1854322,0,278.0,16.0296,0.1144613,1.111569,2.224024,15.78388,0.1079347,1.646582,25.98945,0.1777233,32.07197,3.046,3.363,3.029,7.437,35.65021,0.3696202,0.56,0.06586900074,0.024439246740000004,1.0,0.17839302,0.0331817304,1.0,0.941385324,0.0395653302,1.0,-0.068464967,0.09477650350000001,1.0,0.015712888799999998,0.08276746589999999,1.0,0.3742537508,0.09725529127999999,1.0,0.24974757499999997,0.07779244011,1.0,0.4896110285,0.08238885402,1.0,0.5808551987999999,0.1009073836,1.0,0.6459141751999999,0.11914843989999999,1.0,0.5233216557,0.03460076406,1.0,0.007356998905,0.0491505148,1.0,0.33781756739999996,0.04214195952,1.0,0.602336784,0.0383618208,1.0,2.05296104,0.1155099712,1.0,2.289959936,0.141422464,1.0,29.109705690000002,0.6332632284,0.23,23.71785048,0.7006494155999999,0.17,4.49190336,0.38076688,0.12,6.493851949,0.35585204849999996,0.12,14.92730015,0.44470010050000003,0.17,37.024012649999996,0.863751148,0.1,9.045158,0.698737,0.23,32.6433,1.344191,0.27,12.0989,0.162625,0.52,-99.0,-99.0,0.0,23.0489,0.151681,0.53,0.4688198613,0.07655644425,1.01,1.226062305,0.08438354027999999,0.99,13.364207550000001,0.17045442270000002,1.03,26.85379725,0.253179465,1.02,37.38024,0.2235512664,1.03,3.9262851840000006,0.1141130508,1.01,61.58146512,0.15219737200000003,1.14,72.79261797599999,0.15868381113,1.06,64.070125578,4.739742399,0.97,52.17914770999999,5.890260446199999,0.96,1.0,0.99,0.12,1.01,0.0,0.93,0.56,0,0,1,146.2355,1,-99.0,2.0543,-7.1209999999999996,9.461,0,1
772,3946.141,342.906,150.0818481,2.1869929,0,90.0,2.29332,0.1211344,1.119014,2.230089,2.398286,0.1142273,1.646582,3.948973,0.1880846,4.570371,2.891,2.452,2.192,7.141,5.114308,0.3744572,0.5,0.023938906470000004,0.02446641183,1.0,0.0199886778,0.0332700498,1.0,0.0648796192,0.0395257874,1.0,-0.0345872355,0.095615304,1.0,0.018514755,0.0828133215,1.0,0.02176440829,0.09691757830999999,1.0,0.03293176271,0.0780225138,1.0,-0.133640056,0.08190644308,1.0,-0.03681481039,0.10032591195,1.0,-0.1570248225,0.11990203749999999,1.0,0.07154081686000001,0.03484690711,1.0,0.054902699,0.04909167718000001,1.0,0.0986888016,0.04227800232,1.0,0.00038085484800000005,0.0384352368,1.0,0.1572346256,0.1162201248,1.0,0.2633223328,0.14185504640000002,1.0,2.293076376,0.5171826867,0.34,2.6218905,0.5622598728,0.26,0.227669568,0.308256912,0.18,0.3171706512,0.2813338294,0.19,1.238883685,0.374080475,0.24,6.255085944999999,0.7919945325,0.12,0.4763538,0.5380568,0.39,3.009285,1.044045,0.45,1.11867,0.0489201,6.15,-99.0,-99.0,0.0,2.06562,0.0625849,3.21,-0.040686326099999996,0.07655685020999999,1.0,-0.009445870278,0.08374125473999999,1.0,1.3092212340000002,0.1730931822,0.99,1.94969355,0.2550158625,0.99,5.48279028,0.2246852628,1.0,0.2984676944,0.11483140280000001,0.99,10.662708320000002,0.1682735872,0.82,14.030913545999999,0.16172440713,1.09,28.364250853,4.9156197463,0.92,23.708303768,5.4123029574,1.13,1.0,1.0,0.18,0.99,0.0,0.88,0.5,0,0,1,20.99573,1,-99.0,1.9246,104.3,12.56,1,0
808,3416.273,329.485,150.1039429,2.1864316,3,270.0,8.326406,0.1211344,1.093117,2.699687,7.515853,0.1142273,1.646582,12.37547,0.1880846,20.56385,3.786,4.135,3.113,8.36,22.47869,0.4447107,0.5,0.17940088710000002,0.02975486847,1.0,0.20497401599999998,0.0401913096,1.0,0.409240392,0.04789120468,1.0,0.06489539550000001,0.11563975300000001,1.0,0.0775006386,0.1003165821,1.0,0.1591740847,0.11759297289999998,1.0,0.23139969929999998,0.09444878366,1.0,0.12676565,0.09971436133999999,1.0,0.08166538662,0.1219762256,1.0,0.1976583189,0.1455760138,1.0,0.2297057835,0.042083610650000006,1.0,0.07774460508,0.05957147656,1.0,0.21155587199999998,0.05111547306,1.0,0.267835248,0.046472784,1.0,0.4429301344,0.14053259999999998,1.0,0.895369824,0.1716157056,1.0,11.43405411,0.6820288305,0.29,8.915598756000001,0.7286017668,0.23,1.30483392,0.39715684799999995,0.16,1.840705971,0.3713180393,0.16,4.643238645,0.48260487700000004,0.21,23.804449549999998,0.8859164655,0.14,3.984877,0.697609,0.34,18.22176,1.454043,0.34,4.03431,0.141749,1.02,6.65772,0.278686,0.93,9.04027,0.13225,1.03,0.23462356709999999,0.0750285123,1.54,0.41189206500000003,0.08279530622999999,1.5,4.788654579,0.208712187,1.01,10.883323500000001,0.30685294500000004,1.01,23.242471560000002,0.27149965560000006,1.02,1.165233108,0.1381428704,1.01,69.79813096000001,0.1516687608,1.17,99.189812475,0.18903520700999998,1.03,146.21951785,5.2239834862,0.87,94.597351428,6.0701252436,1.12,1.0,1.5,0.16,1.01,0.93,0.83,0.5,0,0,1,65.79733,1,-99.0,2.1397,426.09999999999997,11.93,0,1
1082,4183.047,419.795,150.0719757,2.1901972,3,143.0,2.219303,0.1062419,1.105494,2.835507,1.80001,0.100184,1.646582,2.963863,0.1649611,5.692342,4.075,3.305,2.899,7.707,6.292851,0.3566767,0.65,0.06109536444000001,0.031020378720000002,1.0,-0.0222423942,0.0423535632,1.0,0.08194500424000001,0.05032759292,1.0,0.14323955500000002,0.12170741,1.0,-0.072372825,0.1053186267,1.0,0.22075030829999998,0.12331002499999999,1.0,0.00040079765109999997,0.09933064988,1.0,0.04375298873,0.1039217784,1.0,0.08709624058,0.12751516129999999,1.0,0.28519009819999996,0.15200489009999998,1.0,0.09696303871,0.04423342307000001,1.0,0.001800182912,0.062457374930000004,1.0,0.031356374519999994,0.05377119624,1.0,0.01526916,0.0489754032,1.0,0.1509621984,0.14784432,1.0,-0.06339200512000001,0.18036666240000002,1.0,2.763972525,0.5113768653,0.56,2.1277332,0.5286335664,0.47,0.22454148799999998,0.290431248,0.33,0.1552085392,0.2560098632,0.37,0.757246539,0.3674557725,0.4,5.790922875,0.651584547,0.29,0.4118055,0.5425916,0.62,4.178544,1.042251,0.73,0.802368,0.0618583,6.32,-99.0,-99.0,0.0,2.37837,0.0789812,3.29,0.03558026271,0.09529900850999999,1.04,0.24286045679999996,0.1047690657,1.04,0.13974662610000002,0.22177569870000002,0.97,2.5070067750000002,0.32985728999999997,0.96,6.3158563800000005,0.29131893000000003,0.96,0.1992651736,0.1475088572,0.97,27.1584484,0.2425251208,0.63,41.168295324,0.22548820437,0.98,52.087473202000005,5.7224500135000005,1.05,56.049580651999996,7.069310086599999,0.95,1.0,1.04,0.33,0.96,0.0,1.0,0.65,0,0,1,17.96704,1,-99.0,2.6614,133.39999999999998,13.71,0,1
1132,4358.668,437.605,150.0646515,2.1909399,0,136.0,6.06375,0.1079151,1.153725,2.098823,6.8254,0.1017618,1.646582,11.23858,0.1675591,11.031,2.526,2.782,2.483,6.124,12.72674,0.2843158,0.63,0.01913894277,0.022937148900000003,1.0,0.000141489504,0.0313514604,1.0,0.2514149616,0.03727387092,1.0,0.004513399800000001,0.090048686,1.0,-0.059350391100000004,0.0779279193,1.0,-0.07066673577999999,0.09135044097999999,1.0,0.04488778833,0.07363950978999999,1.0,0.1142875008,0.07692650712999999,1.0,0.1081415601,0.09447499922,1.0,0.21803685399999997,0.11223742319999999,1.0,0.07993248426999999,0.03269934570000001,1.0,-0.0016831903870000002,0.04625332060000001,1.0,0.05953652237999999,0.03978981678,1.0,0.0769398768,0.0363186672,1.0,0.7036030144000001,0.1093734928,1.0,0.6257110848,0.133431472,1.0,9.88299003,0.35761570859999997,0.63,6.3799036440000005,0.35882855760000004,0.56,2.14803936,0.195840256,0.4,3.119808705,0.17208281220000002,0.45,4.556657395,0.245863044,0.49,12.737857749999998,0.44018794699999997,0.35,4.323266,0.3952975,0.64,11.66186,0.7415928,0.79,3.88524,0.0466609,6.04,-99.0,-99.0,0.0,6.41343,0.0595384,3.17,0.14683471709999998,0.09686479623,0.55,0.2205309834,0.10893120029999999,0.53,3.742270785,0.1649314377,0.96,7.700949375,0.24564534750000003,0.95,12.9925386,0.2169148212,0.95,1.72683314,0.110460798,0.95,56.579455440000004,0.2122318424,0.55,127.34932391999999,0.19372751307,0.89,246.21814885,4.3953980215,1.11,501.0503646199999,5.326531956399999,1.14,1.0,0.53,0.4,0.95,0.0,1.06,0.63,0,0,1,67.07233,1,-99.0,6.5912,586.6,11.51,0,1
1219,2291.088,447.307,150.1508636,2.1913352,3,204.0,11.21811,0.1038719,1.119383,2.224372,11.23656,0.09794913,1.646582,18.50192,0.1612812,22.29198,2.991,3.385,2.763,7.126,24.95326,0.3203714,0.68,0.26191813890000004,0.024323645520000003,1.0,0.28804191,0.0332847528,1.0,1.403833772,0.03953792612,1.0,0.17931846,0.09482928250000001,1.0,0.34176111899999995,0.08265516419999999,1.0,0.1904478815,0.09728540374999999,1.0,0.25419081379999997,0.07757724051,1.0,0.6818879639000001,0.08195825165,1.0,0.8670426684,0.10066414899000001,1.0,1.048787047,0.11879291199999999,1.0,0.6570776486000001,0.03454977379,1.0,0.29693013170000004,0.048949051810000005,1.0,0.40935278519999996,0.042283499940000004,1.0,0.63253128,0.038498712000000004,1.0,2.330824288,0.11531320319999999,1.0,2.385633024,0.1419880192,1.0,13.27249956,0.3788060838,0.63,11.69724396,0.382774764,0.55,4.1991033600000005,0.220872704,0.36,5.28492185,0.1995018155,0.38,6.605694205000001,0.283438317,0.42,24.14963635,0.44470084,0.38,6.189359,0.4034792,0.69,20.39452,0.785954,0.79,6.94986,0.116445,1.02,-99.0,-99.0,0.0,11.2092,0.110191,1.03,0.4928709614999999,0.06315874935,1.49,1.71505971,0.06941811240000001,1.47,6.54365151,0.17236150470000003,1.0,12.988547250000002,0.25724328,1.0,24.24311928,0.22449933000000002,1.0,4.151450728,0.11420284480000001,1.01,54.93802544,0.1636135504,1.2,55.29325908599999,0.18944985267,1.14,51.05515771500001,4.524816103200001,1.09,40.55641839,6.496366355799999,0.94,1.0,1.47,0.36,1.0,0.0,1.04,0.68,0,0,1,114.7183,1,-99.0,1.2355,88.15,11.73,0,1
1247,2095.606,446.024,150.1590118,2.1912806,3,275.0,18.44495,0.1031165,1.106885,2.299084,18.53235,0.09723676,1.646582,30.51503,0.1601083,38.31158,3.074,3.635,2.959,7.642,42.4065,0.3429503,0.69,0.1839519372,0.02513799987,1.0,0.299962494,0.0344076564,1.0,2.972551824,0.04083244704,1.0,0.175723945,0.09806494850000001,1.0,0.175239624,0.08541551550000001,1.0,0.24163044609999998,0.1003975653,1.0,0.5896869901999999,0.08014265182000001,1.0,0.9644681387,0.08463295676,1.0,1.8745794320000002,0.10389636079999999,1.0,2.2652698179999997,0.1229782148,1.0,0.8579059099,0.035715894840000005,1.0,0.156503104,0.05044444592,1.0,0.5327873994,0.043730492159999995,1.0,0.874649952,0.0398363424,1.0,4.982738176,0.1190169136,1.0,5.456984896000001,0.146867616,1.0,27.20714985,0.388047291,0.64,21.95229468,0.39575082,0.55,8.75832144,0.263050544,0.27,11.270893919999999,0.2061443098,0.38,15.7484862,0.2894099495,0.43,42.4804095,0.4654676255,0.37,12.95895,0.4170311,0.69,37.86523,0.8123524,0.79,13.9623,0.167219,0.53,-99.0,-99.0,0.0,21.3609,0.159465,0.53,0.7204967930999999,0.07900265772,1.02,3.652705251,0.08781336836999999,0.98,15.06339873,0.17707822830000003,1.01,24.984482250000003,0.264419295,1.01,42.04173024000001,0.22995529560000003,1.01,7.709060652000001,0.11811786319999999,1.01,78.20320624,0.1699137072,1.18,65.08666475999999,0.18209994074999997,1.16,64.748687,4.8173264016,1.04,54.75457229799999,6.5378270098,0.94,1.0,0.98,0.27,1.01,0.0,0.99,0.69,0,0,1,190.59,1,-99.0,0.9291,272.8,24.26,0,1
1265,1118.17,435.923,150.1997681,2.1908534,2,506.0,42.9449,0.1002516,1.088451,2.351241,44.16614,0.09453521,1.646582,72.72315,0.1556599,92.76837,3.133,3.881,3.547,8.645,100.9738,0.38204,0.73,44.53016436,0.026006923740000003,1.0,29.6231988,0.0349403106,1.0,38.183355320000004,0.0416951238,1.0,17.269819000000002,0.10123458050000002,1.0,36.9362406,0.087553032,1.0,20.011517159999997,0.10222902946999998,1.0,28.88980787,0.08277916339,1.0,34.35399219999999,0.08601976295,1.0,45.84835522,0.1065619039,1.0,39.605402899999994,0.1271847885,1.0,32.76266759000001,0.03635312641,1.0,39.22644543,0.05093326986,1.0,40.610266679999995,0.0449244075,1.0,41.9883888,0.0411529968,1.0,34.979984,0.1211366416,1.0,44.91442464,0.1503274336,1.0,100.51267680000001,0.4168057959,0.59,78.80696904,0.4305226836,0.5,52.796231999999996,0.252458992,0.3,56.81607321,0.22769353879999998,0.33,63.39637445000001,0.3099895705,0.39,99.56688915000001,0.507240685,0.33,63.00513,0.4499243,0.62,95.87048,0.8583899,0.74,59.0341,0.121809,1.03,-99.0,-99.0,0.0,76.4221,0.115123,1.01,43.29837423,0.0812660877,1.01,46.060923869999996,0.08843623191,1.01,60.671453580000005,0.18063087660000002,1.02,85.93153275,0.26781678000000003,1.02,100.14030720000001,0.23272976160000003,1.02,45.905150320000004,0.11970768960000001,1.03,178.12248160000001,0.1634364384,0.88,244.34510606999996,0.19298610746999997,0.68,279.27540983,4.423945256900001,1.1,371.46356259999993,6.404458205199999,0.88,1.0,1.01,0.3,1.02,0.0,1.05,0.73,0,0,1,467.1925,1,-99.0,2.9383,432.59999999999997,10.88,0,1
1285,2084.128,450.992,150.1594849,2.1914873,3,440.0,29.0989,0.1023773,1.084911,2.595466,28.08217,0.09653972,1.646582,46.23958,0.1589605,69.61416,3.519,4.069,3.573,8.884,75.5252,0.4022575,0.7,0.8327021544000001,0.02837914215,1.0,1.07446482,0.03884167560000001,1.0,4.916632204,0.04609200728,1.0,0.546374715,0.1107251605,1.0,0.9719216850000001,0.0964226403,1.0,0.9023725095999999,0.11333081719999999,1.0,1.087401469,0.09047655770999999,1.0,1.922288346,0.09552538292,1.0,3.561962507,0.1172798408,1.0,4.139317139999999,0.1388564352,1.0,2.009349396,0.040318916680000004,1.0,0.6717903187,0.056939299910000005,1.0,1.3577444159999998,0.04937244798,1.0,1.9712606400000001,0.0449750976,1.0,7.161514463999999,0.13436124,1.0,7.660950144000001,0.165812032,1.0,42.286476119999996,0.43461703949999997,0.65,32.10790008,0.44663131440000003,0.55,11.4144176,0.29161611200000004,0.28,14.51863608,0.2296678384,0.39,22.6979426,0.326669572,0.43,75.61015725,0.5185572745,0.38,16.55196,0.4777669,0.67,68.59637,0.9001431,0.82,19.0983,0.188793,0.53,-99.0,-99.0,0.0,31.0921,0.180027,0.53,1.7914202879999999,0.08962693539,1.01,5.574240242999999,0.0986268582,0.99,20.86479882,0.19990184580000003,1.01,37.48754625,0.2984988825,1.01,75.145419,0.25953507360000005,1.01,10.219596919999999,0.13269568280000002,1.02,152.5973936,0.1693855152,1.15,134.52211071,0.18448076907,1.15,119.28091244000001,4.7839493618,1.05,168.27569339999997,6.51284382,0.94,1.0,0.99,0.28,1.01,0.0,1.01,0.7,0,0,1,290.8872,1,-99.0,0.9978,545.2,26.4,1,0
1419,3378.569,499.134,150.1055145,2.1934998,3,305.0,17.99483,0.09183179,1.092619,2.1436,18.6519,0.08659552,1.646582,30.71187,0.1425866,35.30389,2.862,3.872,3.348,8.389,38.57371,0.3384584,0.87,0.136328064,0.0236132844,1.0,0.194225616,0.031949416200000004,1.0,1.278814152,0.03806537064,1.0,0.0703109065,0.0923076995,1.0,0.127496376,0.0795493377,1.0,0.3028472628,0.09338233116,1.0,0.20050378809999997,0.07502248369,1.0,0.4534562626,0.07887348722000001,1.0,0.7265820318999999,0.09669827914000001,1.0,0.703752791,0.11570559279999999,1.0,0.4314324914,0.033329432760000006,1.0,0.013289233670000003,0.047325307280000006,1.0,0.3151748274,0.04059936462,1.0,0.40582449600000003,0.036924417599999995,1.0,2.553887648,0.11171503199999999,1.0,2.856323072,0.1362558816,1.0,27.40830711,0.3166306443,0.84,23.55692472,0.31081903920000004,0.78,7.640947839999999,0.163414608,0.6,11.24462144,0.1445536963,0.66,15.22197325,0.2116965985,0.68,36.36516665,0.330455731,0.64,13.97125,0.350326,0.85,32.80293,0.6906931,0.95,14.1995,0.112591,1.02,18.593,0.215514,0.97,22.7418,0.105317,1.03,0.4782604611,0.07145352704999999,1.07,1.694239326,0.07991143056,1.02,14.752412190000001,0.1665826686,1.0,25.5202395,0.247222395,0.99,36.4999644,0.21855722760000001,0.99,6.081293924,0.11087574080000001,0.99,62.67713864,0.1626955024,1.17,69.67818339299998,0.18171330605999997,1.0,63.741263273,4.4383935184,1.06,46.681503056,6.056921489799999,1.08,1.0,1.02,0.6,0.99,0.97,1.01,0.87,0,0,1,215.391,1,-99.0,1.6234,64.58999999999999,12.09,0,1
1525,2306.054,534.981,150.150238,2.194988,0,269.0,11.13702,0.09290588,1.101172,2.426516,11.03667,0.08760837,1.646582,18.17278,0.1442543,24.54127,3.265,3.874,2.979,7.915,27.02415,0.3211079,0.85,0.20918435670000002,0.026522701440000004,1.0,0.27293838000000004,0.0363021126,1.0,0.983411044,0.0431191244,1.0,0.18317807500000002,0.1036412065,1.0,0.245630196,0.0900799872,1.0,0.3097213245,0.10616922997999999,1.0,0.2808871681,0.0846789328,1.0,0.39885483990000004,0.08920473738,1.0,0.8467220846000001,0.1098246341,1.0,0.5359436221999999,0.12970184499999998,1.0,0.4807687584,0.03767818834,1.0,0.1793033024,0.053448516050000006,1.0,0.27089662319999996,0.04616547192,1.0,0.44579289600000005,0.04200672,1.0,1.696614192,0.1259601408,1.0,1.45129712,0.1549335104,1.0,17.62958133,0.3414872415,0.92,14.602690560000001,0.3322984728,0.86,3.39365936,0.182567632,0.63,6.4942093320000005,0.16476611970000002,0.66,9.09126873,0.2374592205,0.71,24.916403749999997,0.36043423449999995,0.69,8.548175,0.3712235,0.97,23.28527,0.7436895,1.05,8.36373,0.127688,1.01,-99.0,-99.0,0.0,13.9164,0.119895,1.03,0.4578000771,0.07310344998,1.32,1.12501935,0.08525918115,1.16,8.795178954,0.1871838747,1.01,16.74204,0.27932793,1.01,26.06477652,0.2448328248,1.0,2.52373126,0.12458586680000001,1.01,61.85310672,0.1730833832,1.17,83.00816667,0.2062065564,1.15,89.75526024300001,4.8295845897,1.01,60.175661192,6.4460542063999995,0.92,1.0,1.16,0.63,1.0,0.0,0.96,0.85,0,0,1,125.9774,1,-99.0,1.9203,268.0,12.45,0,1
1813,5032.833,616.357,150.0365448,2.1983893,0,148.0,2.81583,0.1306226,1.12248,2.609678,2.680328,0.1231745,1.646582,4.413379,0.2028169,6.546586,3.484,3.582,2.529,7.013,7.34841,0.3960783,0.43,0.28635953970000005,0.028791285630000003,1.0,0.293453628,0.038701642200000004,1.0,0.3623738976,0.0461358722,1.0,0.1245247,0.111178602,1.0,0.202138608,0.096802062,1.0,0.24375666709999996,0.1142352706,1.0,0.3727816169,0.09153652122999999,1.0,0.4091634426,0.09647156574,1.0,0.1155531691,0.1190369295,1.0,0.044243775869999995,0.14077891939999998,1.0,0.39723279860000005,0.0403292909,1.0,0.07540338915,0.057567645970000005,1.0,0.3138600576,0.04930470612,1.0,0.33326851199999996,0.0455572272,1.0,0.4900381824,0.13401063519999998,1.0,0.566262144,0.1666056608,1.0,3.649403934,1.103600715,0.11,3.87742308,0.9285435240000001,0.13,0.47714883199999997,0.255224,0.37,1.0082160789999999,0.2494060049,0.33,1.201401425,0.4062303195,0.27,6.900492294999999,0.527895305,0.38,-99.0,-99.0,0.0,-99.0,-99.0,0.0,-99.0,-99.0,0.0,-99.0,-99.0,0.0,-99.0,-99.0,0.0,-99.0,-99.0,0.0,-99.0,-99.0,0.0,1.6498147500000002,0.24105422070000004,0.71,2.8278726000000005,0.34690257,0.73,7.5532779,0.3809985804,0.48,0.764624266,0.18271472160000002,0.55,24.2925876,0.3110723904,0.24,37.471024305,0.3013660692899999,0.4,49.115136096,4.4237936982,1.18,52.449313409999995,6.390113516799999,0.8,1.0,0.0,0.11,0.48,0.0,1.13,0.43,0,0,1,21.76041,1,-99.0,2.6504,263.29999999999995,11.11,1,1
1869,2891.347,638.451,150.1258392,2.1993022,3,117.0,3.014456,0.09130853,1.14123,2.392026,2.786545,0.08610209,1.646582,4.588274,0.1417741,6.31832,3.294,3.021,2.504,6.436,7.210657,0.2530785,0.88,0.6272610753000001,0.02625332427,1.0,0.750799062,0.0357368076,1.0,1.025280432,0.04255936388,1.0,0.53972914,0.102840966,1.0,0.773232264,0.08866959359999999,1.0,0.6572483694,0.10456625362,1.0,0.8952282262,0.08373194906999999,1.0,1.0231741630000002,0.08779728793000001,1.0,1.028358214,0.1082409223,1.0,0.9487581075,0.12852688099999998,1.0,0.9766447300000001,0.037123656920000005,1.0,0.1481454311,0.05289700646,1.0,0.8480572704,0.04541937966,1.0,1.03724496,0.0413369472,1.0,1.37531888,0.1245872368,1.0,1.397316896,0.152190736,1.0,5.3599292730000005,0.3305361006,0.96,5.008785948000001,0.3233210064,0.89,1.89677792,0.174423888,0.67,1.9572418059999999,0.157364428,0.7,3.31654673,0.2341819965,0.7,7.311402015,0.3748277965,0.62,2.148072,0.350067,1.06,5.255779,0.7195415,1.09,-99.0,-99.0,0.0,3.90824,0.243923,0.95,4.1652,0.171568,0.48,1.0489397459999998,0.0665033523,1.54,1.214515926,0.07220196477,1.57,3.2752622790000006,0.18613875600000002,1.0,4.904907000000001,0.2764002675,1.0,7.209340956,0.24287472000000004,1.0,1.787411008,0.1233608876,1.0,8.172058768000001,0.16888100800000003,1.14,9.0907343514,0.18525695408999998,1.09,28.044642662,5.000305930100001,1.12,26.021736357999995,6.677174353999999,0.93,1.0,1.54,0.67,1.0,0.0,1.07,0.88,0,0,1,32.36327,1,-99.0,2.2969,53.18,10.07,1,0
1893,4442.55,608.265,150.0611572,2.1980505,2,367.0,8.414303,0.0852299,1.073098,3.17749,7.627312,0.08037007,1.646582,12.55899,0.1323359,24.91512,4.242,4.934,3.598,9.817,26.73636,0.3748808,1.01,0.8786626146000001,0.034645661700000004,1.0,1.006869552,0.047547474,1.0,1.9872372079999998,0.05656441208,1.0,0.46986203500000007,0.13651806500000002,1.0,1.18945197,0.117994695,1.0,1.286288154,0.1385972302,1.0,1.0508280859999999,0.1115187535,1.0,1.178088802,0.1163658562,1.0,1.736739727,0.1433685017,1.0,2.1776134519999997,0.17040725729999998,1.0,1.0805435220000001,0.04945018768,1.0,0.5439252470000001,0.07007225391,1.0,1.0145717939999999,0.060255312899999997,1.0,1.07950704,0.055012752000000005,1.0,2.906227584,0.1656634512,1.0,3.2454368319999998,0.2018737504,1.0,18.98365872,0.412333587,1.09,15.981231240000001,0.39112326000000003,1.07,6.47453024,0.19203775999999997,0.96,8.285239066,0.1758208452,0.98,11.040049400000001,0.260121739,0.99,26.766123999999998,0.4022851025,0.97,9.632403,0.4544235,1.11,24.82111,0.951461,1.1,9.8047,0.0735858,5.48,-99.0,-99.0,0.0,14.4829,0.0984994,2.63,1.239436476,0.1470102948,0.55,2.514129345,0.1635177024,0.54,10.07855073,0.2516290848,0.95,16.991016000000002,0.37420514250000003,0.94,26.29632096,0.3308887224,0.94,5.3210034,0.168628406,0.94,52.23118816,0.2419151848,0.47,65.10236756399999,0.20958755336999998,0.9,72.131181536,5.3563393978,1.11,51.409487397999996,5.8347628072,1.29,1.0,0.54,0.96,0.94,0.0,1.06,1.01,0,0,1,94.90238,1,-99.0,1.6571,251.3,13.12,0,1
1906,4933.741,616.209,150.0406799,2.1983831,0,332.0,14.29111,0.1115133,1.092873,2.689694,14.10542,0.1051548,1.646582,23.22573,0.1731459,35.17218,3.538,3.922,3.294,8.375,38.43871,0.4102198,0.59,1.670497464,0.029580628950000003,1.0,1.7950335000000002,0.03996174,1.0,2.998604092,0.04764934988,1.0,1.4377096,0.11493723800000001,1.0,2.08581765,0.0996163938,1.0,1.609171542,0.11770629939999999,1.0,1.9234413659999998,0.09449730905999999,1.0,2.1527813670000002,0.09930450244,1.0,2.432528602,0.1223939524,1.0,2.550735425,0.14476974539999998,1.0,2.0848365269999998,0.04161706436,1.0,1.4269364150000001,0.05934196019000001,1.0,1.973384676,0.05080182918,1.0,2.08933728,0.0468560976,1.0,4.335344623999999,0.1387026576,1.0,4.579297088000001,0.17121931199999998,1.0,27.11083878,0.7198190442,0.27,23.669969400000003,0.5839716288,0.35,6.578415679999999,0.20995028799999998,0.58,11.25997925,0.2065026587,0.51,15.16161375,0.3243581,0.45,38.36959445,0.44134597999999997,0.58,14.98004,1.013167,0.16,34.06329,2.181024,0.15,-99.0,-99.0,0.0,-99.0,-99.0,0.0,-99.0,-99.0,0.0,-99.0,-99.0,0.0,-99.0,-99.0,0.0,14.746086720000001,0.23979667950000003,0.76,25.722732,0.34212654000000003,0.8,38.00940948,0.3545496396,0.59,5.892584744,0.174479194,0.64,72.24019104,0.2667881024,0.3,88.32255576299998,0.25818981434999994,0.5,82.825143334,4.5896681713000005,1.21,66.11354376199999,6.1258692568,1.06,1.0,0.0,0.27,0.59,0.0,1.16,0.59,0,0,1,134.1396,1,-99.0,1.879,166.2,10.01,0,1
1930,2477.069,665.312,150.1431122,2.2004192,3,80.0,6.034737,0.08788017,1.189361,2.080075,5.372734,0.08286922,1.646582,8.846644,0.1364509,10.55416,2.959,2.633,2.082,5.455,12.55271,0.2068225,0.95,0.04544480217,0.02273311155,1.0,0.08076733080000001,0.0311170236,1.0,0.28658506359999997,0.03699477232,1.0,0.08085887400000001,0.08909938700000002,1.0,-0.0419693379,0.07709561790000001,1.0,-0.07212735246999999,0.09108245078999999,1.0,0.061898894749999996,0.07269727311,1.0,0.06823860076,0.0762668247,1.0,0.1035810379,0.09421817835,1.0,0.01421220248,0.11135822599999999,1.0,0.16290070020000003,0.032297882959999996,1.0,-0.03078932933,0.04594200256000001,1.0,0.08822496714,0.03958975932,1.0,0.118004592,0.036018801600000004,1.0,0.3672710496,0.1081937792,1.0,0.35440701760000004,0.1327043296,1.0,6.93808266,0.3311869035,0.72,5.8898639280000005,0.2985833928,0.78,0.895456576,0.145798784,0.73,1.4674628929999998,0.1332323824,0.74,2.718700725,0.203090917,0.71,12.13903545,0.28876048,0.79,1.961102,0.3693609,0.72,8.767615,0.8433477,0.6,2.34585,0.109568,1.01,3.86753,0.207007,1.02,5.1212,0.103227,1.01,0.030895078349999997,0.06944534441999999,1.07,-0.019755087299999998,0.07760429117999999,1.03,2.609803953,0.16150907520000002,1.0,6.07938345,0.2394947625,1.01,12.0793374,0.2103287328,1.0,0.7783183236000001,0.1068047644,1.01,30.252909440000003,0.2010233776,1.16,39.704623217999995,0.20034684890999999,1.19,49.826759396,5.1043926312,1.24,40.56265705,6.225384342999999,1.21,1.0,1.03,0.71,1.0,1.01,1.18,0.95,0,0,1,64.83389,1,-99.0,2.124,171.79,10.57,0,1
1958,2074.648,626.796,150.1598816,2.198812,2,424.0,18.62318,0.0852299,1.077791,3.156074,16.95207,0.08037007,1.646582,27.91296,0.1323359,54.5339,4.2,4.902,3.334,9.419,58.77615,0.3577064,1.01,2.134541823,0.03446005353,1.0,2.37200964,0.0472096092,1.0,7.01811132,0.05601761792,1.0,2.3876954500000003,0.13506122,1.0,2.5466886900000003,0.11705420999999999,1.0,2.519183337,0.137945333,1.0,2.979311874,0.11017797559999999,1.0,4.094330075,0.115682424,1.0,5.320703864,0.14267803580000002,1.0,5.969688213999999,0.1691229001,1.0,4.093872739,0.049023083,1.0,2.074100583,0.06935850641,1.0,3.103061724,0.06014126058,1.0,4.070183040000001,0.0547160784,1.0,12.84340512,0.1637950496,1.0,13.93445536,0.20178622400000001,1.0,41.40202431,0.4019488677,1.12,36.34211748,0.3807783024,1.1,20.029764800000002,0.198656992,0.9,22.21000119,0.1829916868,0.9,27.004246600000002,0.2692478975,0.93,59.0855518,0.410509562,0.9,26.65868,0.4359251,1.19,50.70659,0.9124506,1.18,25.1611,0.234065,0.51,-99.0,-99.0,0.0,36.609,0.219874,0.52,3.5428738139999996,0.08891985455999998,1.51,8.720798463,0.09649024398,1.53,26.13608676,0.24333233400000004,1.01,39.168234,0.36115185750000006,1.02,57.960579960000004,0.3154863204,1.01,18.44803552,0.1614609544,1.02,85.92063632,0.1655602104,1.13,74.588589738,0.18085496247,1.12,39.758453993,4.823535289800001,1.29,82.145980024,7.401314653399999,0.8,1.0,1.51,0.9,1.01,0.0,1.23,1.01,0,0,1,210.9251,1,-99.0,1.1319,124.60000000000001,12.59,1,0
2065,4649.521,658.253,150.052536,2.200134,3,303.0,10.26035,0.08742126,1.085422,2.430318,11.09644,0.08243648,1.646582,18.27119,0.1357384,22.97347,3.101,4.113,3.507,8.849,24.93591,0.3419783,0.96,0.08508860109000001,0.026531676690000006,1.0,0.102142248,0.036318539399999995,1.0,0.6248047476,0.043249063879999994,1.0,-0.12594539500000002,0.10429046050000002,1.0,0.211694826,0.0901009116,1.0,0.038750647549999996,0.10621272576999999,1.0,0.1266249215,0.08541936710999999,1.0,0.1377957647,0.08920944725,1.0,0.3266420796,0.11002842800000001,1.0,0.3819260998,0.1304463265,1.0,0.3891976716,0.03775110149,1.0,0.061435412640000006,0.05360628528,1.0,0.12352965779999998,0.0460276587,1.0,0.424151136,0.0421678704,1.0,1.175992896,0.1263939248,1.0,1.216835776,0.154294736,1.0,16.73620644,0.3223035894,1.06,13.25097084,0.29344774560000003,1.12,2.481968,0.139526032,1.07,4.270108674,0.1292712265,1.06,7.517914255,0.193556095,1.04,24.51806465,0.296547393,1.05,6.226527,0.3491442,1.1,19.84199,0.7520516,1.03,6.52063,0.130463,0.97,-99.0,-99.0,0.0,12.671,0.152088,0.63,0.5508897497999999,0.1780144749,0.22,1.182061764,0.1626728454,0.32,6.955146936,0.1920271077,0.96,14.86364775,0.2815872675,0.97,24.48676872,0.2636895096,0.87,2.2089324,0.13231476720000002,0.9,51.59402512,0.2928509192,0.39,63.53549221499999,0.23963103683999998,0.69,53.479424436,4.7166492694,1.1,48.20978442399999,6.827235274999999,0.86,1.0,0.22,0.96,0.87,0.0,1.06,0.96,0,0,1,134.6059,1,-99.0,2.008,41.8,12.93,0,1
2205,4353.081,722.053,150.0648956,2.2027912,3,98.0,3.293314,0.08093636,1.165069,2.068656,3.232387,0.07632135,1.646582,5.32239,0.1256693,5.847492,2.764,2.626,2.423,5.877,6.812732,0.2046425,1.12,0.1457915676,0.022516508850000002,1.0,0.112440432,0.0310272846,1.0,0.4113950148,0.03688690324,1.0,0.11075902100000001,0.088987322,1.0,0.1383459,0.0768608862,1.0,0.20604808369999997,0.09027966744999999,1.0,0.19646352109999998,0.07253534596,1.0,0.28360532310000003,0.07563179393,1.0,0.18820620140000002,0.09331854488,1.0,0.36828638839999994,0.11119717489999999,1.0,0.2307343972,0.0322354419,1.0,0.1876783535,0.0455668817,1.0,0.21721562519999998,0.039270990539999995,1.0,0.25289668800000004,0.0357671808,1.0,0.6251820224,0.107989856,1.0,0.7172822144000001,0.1313602944,1.0,4.4055185759999995,0.26089437089999995,1.15,3.871633908,0.24498113760000004,1.15,1.5293822400000001,0.11091751999999999,1.22,2.132939016,0.1033725498,1.2,2.59599283,0.155167453,1.18,6.6631763699999995,0.2350716045,1.2,2.413149,0.2985473,1.09,7.925298,0.6310133,1.06,2.39695,0.0455076,6.09,-99.0,-99.0,0.0,3.81995,0.0585564,3.15,0.195205866,0.07655847404999999,0.86,0.4691889072,0.08960329989,0.76,2.5649875260000004,0.1633585671,0.96,4.131714825,0.24253314750000002,0.95,7.353119304000001,0.21434952960000003,0.95,1.33466966,0.1087462052,0.96,17.600080560000002,0.2197434872,0.54,27.591753032999996,0.20150227538999999,0.92,43.531914328,4.5703730425,1.24,73.590577772,6.027152507599999,1.08,1.0,0.76,1.12,0.95,0.0,1.18,1.12,0,0,1,42.35234,1,-99.0,1.8275,46.309999999999995,11.08,0,1
2208,3467.161,677.746,150.1018219,2.2009418,2,412.0,20.15943,0.08399163,1.083266,2.785656,20.13866,0.07920241,1.646582,33.15995,0.1304132,51.84068,3.662,4.299,3.471,9.001,56.15722,0.3348738,1.04,0.6578523174,0.03059399451,1.0,1.16134434,0.0416318994,1.0,9.142102244,0.049549151519999994,1.0,0.405888585,0.12038311500000001,1.0,1.000324332,0.10325913149999999,1.0,1.149249433,0.12135865059999999,1.0,1.4313199669999999,0.09750535641,1.0,3.606798404,0.1020779144,1.0,7.366135585,0.1254914169,1.0,8.058460207,0.1505999978,1.0,3.8680475010000004,0.043338304050000005,1.0,0.23612132730000002,0.06142957853,1.0,1.857701706,0.052795787999999996,1.0,4.0965307200000005,0.0480037584,1.0,13.187928,0.1452630816,1.0,14.19955936,0.1769034784,1.0,45.71129001,0.3559562097,1.12,39.30196152,0.3358182516,1.12,19.546156800000002,0.155568544,1.12,22.830398759999998,0.1440910302,1.12,27.53630075,0.21494116900000002,1.11,55.48766654999999,0.3308488155,1.08,25.60716,0.4001928,1.1,50.21633,0.8341312,1.1,25.9042,0.148009,1.0,31.3747,0.281419,0.96,37.2963,0.139219,1.0,3.0666522869999997,0.0852079593,1.27,10.24976628,0.09010982564999999,1.36,26.038938870000003,0.21675214260000003,1.0,41.82248175,0.32152218000000005,0.99,55.38657276,0.2834293752,0.99,17.9583274,0.144369848,0.99,69.27366984000001,0.15137207200000002,1.21,63.592128521999996,0.18760008734999997,1.06,71.741615455,4.3527548233,1.23,49.67085744799999,5.859882401599999,1.17,1.0,1.27,1.04,0.99,0.96,1.17,1.04,0,0,1,254.2683,1,-99.0,0.6247,134.4,12.8,0,1
2220,2190.493,706.761,150.1550598,2.2021444,0,274.0,14.88603,0.08242155,1.111614,2.301259,16.54526,0.0780842,1.646582,27.24313,0.128572,30.817,2.843,3.427,2.971,7.435,34.25661,0.2660882,1.08,1.1012667651,0.02510461194,1.0,1.3865638800000002,0.0344311812,1.0,4.744667004,0.04088182956,1.0,0.8093912700000001,0.098542731,1.0,1.52393073,0.08526425879999999,1.0,1.592043051,0.10071228917999998,1.0,1.6401901669999999,0.08038570078,1.0,2.393275346,0.08425436337999999,1.0,3.8372870519999998,0.1041407107,1.0,4.192251294,0.1232861364,1.0,2.3224453130000002,0.03575719598,1.0,0.9586361292,0.050692830050000005,1.0,1.9078045919999997,0.0438612237,1.0,2.4375388800000004,0.0398987232,1.0,6.884876544,0.11958396319999999,1.0,7.181751520000001,0.1470805408,1.0,23.741018219999997,0.2882125743,1.16,20.07303312,0.2711825712,1.15,9.7932816,0.133768608,1.06,11.25225205,0.1229156045,1.06,16.2863784,0.184650595,1.05,34.001405049999995,0.2796932635,1.03,13.61443,0.3178559,1.19,31.35937,0.6681527,1.17,14.0366,0.170666,0.51,-99.0,-99.0,0.0,18.6911,0.159806,0.52,2.273101977,0.05817548886,1.87,5.511749957999999,0.062199731880000005,1.96,15.06387078,0.17669114730000002,1.02,21.46051425,0.26470358250000003,1.01,33.9603354,0.2304637056,1.01,8.721020128,0.1182993416,1.01,51.041634800000004,0.1444378752,1.17,39.169936494,0.16214332212,1.14,31.683165569,3.9942924016,1.28,45.688604456,6.332310745799999,0.8,1.0,1.87,1.05,1.01,0.0,1.22,1.08,0,0,1,211.89,1,-99.0,0.8738,156.20000000000002,11.29,1,0
2297,642.824,716.88,150.2195892,2.2025557,3,361.0,5.37916,0.08742126,1.0684,3.569367,4.937426,0.08243648,1.646582,8.129874,0.1357384,17.97099,4.8,5.988,3.237,10.258,19.2002,0.4042634,0.96,0.9402184692000001,0.039296157570000004,1.0,0.874675386,0.0530242908,1.0,1.660678052,0.0633815908,1.0,0.8543859700000002,0.15363147500000002,1.0,0.962638152,0.132453678,1.0,0.7394187163,0.1559405019,1.0,0.7093622304999999,0.125965609,1.0,1.264459801,0.1301908278,1.0,1.481865545,0.1628282844,1.0,1.542312443,0.1912811005,1.0,1.2169547280000002,0.05536545048,1.0,0.8638976306,0.07781238006,1.0,1.030831704,0.06813899316,1.0,1.19547696,0.0622614192,1.0,3.029189696,0.18457643359999998,1.0,3.063230432,0.2292972864,1.0,12.55079697,0.4673986896,1.09,12.43954236,0.4411934592,1.07,5.12636192,0.237208992,0.79,6.600439013999999,0.30676887410000003,0.41,7.244792465000001,0.306675735,0.92,18.69960565,0.477556237,0.89,7.392994,3.802896,0.02,18.12149,1.040796,1.16,-99.0,-99.0,0.0,-99.0,-99.0,0.0,-99.0,-99.0,0.0,1.095960063,0.17229652829999997,0.51,2.209951692,0.1918650825,0.5,7.243654455000001,0.2709925758,1.05,13.0471005,0.39215316,1.08,18.85397328,0.3693390444,0.95,4.758883508,0.1859955108,0.99,42.32972608,0.21098273120000002,0.83,52.269105212999996,0.31092739001999997,0.39,53.312278275,6.103630181,0.87,38.88231098799999,6.976321273199999,0.99,1.0,0.5,0.41,0.95,0.0,0.83,0.83,0,0,1,59.8937,1,-99.0,1.4283,90.14,11.33,0,1
2322,1966.008,725.774,150.1644135,2.2029352,3,127.0,4.040235,0.08166883,1.146711,2.109145,4.716857,0.07701205,1.646582,7.766691,0.1268066,7.431205,2.415,2.933,2.485,6.29,8.521443,0.2210899,1.1,0.21840852030000002,0.02301637044,1.0,0.230793498,0.0315373266,1.0,0.6705530084,0.03742155868,1.0,0.095989818,0.09042597150000001,1.0,0.184181466,0.078162651,1.0,0.2191270411,0.09215732565999998,1.0,0.06442675162,0.0737174669,1.0,0.2314830958,0.07713684791999999,1.0,0.4475851411,0.09531653622000001,1.0,0.5902117654999999,0.11324525869999999,1.0,0.2897656664,0.03277245459,1.0,0.11530323983000001,0.046325812519999995,1.0,0.15771180899999998,0.040228694579999995,1.0,0.292928928,0.036604123200000005,1.0,0.8327516912,0.1095210688,1.0,1.0761202559999998,0.1349370944,1.0,8.12805297,0.2617420635,1.18,4.99190952,0.24635240639999997,1.17,2.2153638399999998,0.12125433599999999,1.08,2.6182941069999996,0.109851807,1.11,3.6151283550000004,0.164251063,1.11,8.522223534999998,0.24805956099999998,1.1,3.455993,0.2901042,1.2,6.745799,0.615008,1.16,-99.0,-99.0,0.0,-99.0,-99.0,0.0,4.58689,0.151218,0.49,0.30666116909999996,0.059193433559999994,1.52,0.8351809595999999,0.06382758680999999,1.56,3.350544813,0.1618697214,1.02,6.670122900000001,0.24231968250000002,1.01,8.368118712000001,0.2105417808,1.01,2.016593652,0.1074871988,1.03,16.32767232,0.1418890344,1.16,19.390057712999997,0.15169523030999998,1.11,18.788772187,4.4887792584,1.18,19.452342786,6.176121134399999,0.84,1.0,1.52,1.08,1.01,0.0,1.13,1.1,0,0,1,61.2483,1,-99.0,1.5992,73.45,11.68,1,0
2329,4617.195,732.823,150.0538788,2.2032409,2,174.0,7.083059,0.08481108,1.129529,2.302351,7.743799,0.07997513,1.646582,12.7508,0.1316856,14.43759,2.834,2.971,2.848,6.778,16.30768,0.2480677,1.02,0.06323757711000001,0.025098628440000003,1.0,0.18220566,0.0344639334,1.0,0.9018553984,0.041021332880000004,1.0,0.14738355,0.09885024700000002,1.0,0.12624091199999998,0.0853725537,1.0,0.15692158559999997,0.10066954889999999,1.0,0.3071162017,0.08089532296999999,1.0,0.5356966054,0.08440958867,1.0,0.8364198467,0.104239059,1.0,0.9271215505999999,0.12372573499999999,1.0,0.4806924198,0.03579712694000001,1.0,-0.008339587159000001,0.05074210966000001,1.0,0.3913969992,0.043643368860000004,1.0,0.43640203200000005,0.039920976000000004,1.0,1.203522528,0.1198737488,1.0,1.496347968,0.1461009184,1.0,10.544849789999999,0.29143555200000004,1.16,6.826387632,0.272752164,1.16,1.8251688,0.122842288,1.24,2.4153102219999996,0.1155332308,1.19,2.95617083,0.170097029,1.21,16.277740299999998,0.26370614299999995,1.19,2.711047,0.332274,1.09,14.11936,0.6990089,1.07,2.79806,0.085101,2.07,-99.0,-99.0,0.0,6.63092,0.0950704,1.45,0.9835619177999999,0.16874234849999997,0.22,1.539076968,0.15889526639999998,0.3,2.753401563,0.18029949750000002,0.98,8.79908715,0.26416194000000004,0.99,15.65989956,0.245716974,0.9,1.4341047,0.12335616160000001,0.93,34.397780880000006,0.2717125496,0.4,53.01933062399999,0.22715001503999996,0.71,61.34433734,4.4320160086,1.16,81.12989264199999,6.329227367399999,0.93,1.0,0.22,1.02,0.9,0.0,1.11,1.02,0,0,1,96.8276,1,-99.0,3.0854,35.82,12.56,0,1
2338,4373.379,733.962,150.0640411,2.2032876,3,185.0,7.799079,0.08130012,1.129788,2.163815,9.120243,0.07666437,1.646582,15.01723,0.1262341,14.9371,2.523,3.08,2.741,6.77,16.87576,0.2375195,1.11,0.6292595643000001,0.023548542930000003,1.0,0.694759338,0.032458139999999996,1.0,1.633963672,0.03858991048,1.0,0.545885485,0.09306853650000001,1.0,0.714007308,0.08039109959999999,1.0,0.8543965453,0.09445526329,1.0,0.6653823946,0.07588264915,1.0,0.8551209909,0.07911459248,1.0,1.446784605,0.0976405978,1.0,1.453622919,0.11631231989999999,1.0,0.9401137738,0.03371650861,1.0,0.4422727074,0.04765996176,1.0,0.6828733572,0.04107830982,1.0,0.88997064,0.0374190864,1.0,2.305110288,0.11295288160000001,1.0,2.56662752,0.1373861504,1.0,17.067136320000003,0.270669993,1.17,10.166466000000002,0.25410404160000005,1.17,5.01218944,0.116067872,1.22,5.935851519,0.10724580880000001,1.22,8.308861185000001,0.1602861365,1.21,17.0689618,0.24696114749999998,1.19,7.045523,0.3122805,1.09,14.50253,0.6508936,1.09,7.02071,0.0499897,5.51,-99.0,-99.0,0.0,9.82834,0.0630361,2.97,0.8787948056999999,0.07962012287999999,0.87,1.939276989,0.09372387141,0.76,7.410637422000001,0.1718252559,0.95,13.77816825,0.2537031525,0.95,16.68485412,0.224271756,0.95,4.4408142559999995,0.11438337800000001,0.95,31.416409520000002,0.2053994064,0.51,37.66415421599999,0.18232506980999996,0.94,36.1673258,4.1043069549,1.23,37.82092459,5.3848496811999995,1.09,1.0,0.76,1.11,0.95,0.0,1.18,1.11,0,0,1,118.9633,1,-99.0,1.6006,148.0,9.879999999999999,1,1
2384,1594.547,743.036,150.1799011,2.2036521,2,196.0,10.30976,0.08242155,1.133604,2.196619,11.90534,0.07772186,1.646582,19.60312,0.1279754,19.97753,2.587,2.979,2.734,6.65,22.6466,0.2362931,1.08,0.7479315165,0.02406025185,1.0,0.792879048,0.0327768402,1.0,2.113571856,0.038900919199999995,1.0,0.929969595,0.094582378,1.0,0.71446809,0.0815369331,1.0,0.7791186082,0.09562349761,1.0,0.8256639006,0.07703924151,1.0,1.2514625639999999,0.08016218782,1.0,1.328239417,0.09908895395,1.0,1.4960229129999998,0.11854475149999999,1.0,1.215114772,0.034079508439999996,1.0,0.6894130548,0.0479998297,1.0,0.9069013722,0.04192969548,1.0,1.22599248,0.0382129824,1.0,4.216836624,0.113964448,1.0,4.515385984,0.140669232,1.0,13.742998049999999,0.2717902275,1.19,12.290704920000001,0.25776453600000004,1.17,5.826495519999999,0.123105808,1.13,6.635095506,0.1136391009,1.12,8.2500552,0.16960326850000002,1.12,22.6390399,0.261189998,1.08,7.54034,0.3059849,1.17,19.49129,0.6405144,1.16,7.69193,0.113497,1.06,-99.0,-99.0,0.0,12.6222,0.107933,1.04,1.0750835699999999,0.07388867811,1.06,2.658599892,0.08207387604000001,1.02,8.197044399000001,0.16871161410000002,1.02,12.79962075,0.2506917,1.02,22.164061320000002,0.21763918440000002,1.02,5.49080858,0.11213285680000001,1.03,42.664017120000004,0.1403080216,1.23,40.126787064,0.15461722224,0.97,31.838739069000003,4.0772371659,1.23,44.519278666,5.751249355199999,0.96,1.0,1.02,1.08,1.02,0.0,1.17,1.08,0,0,1,153.1788,1,-99.0,1.1452,67.23,11.85,1,0
2399,3493.171,721.835,150.1007385,2.2027791,3,245.0,3.444379,0.08242155,1.064027,3.087744,3.169233,0.07772186,1.646582,5.2184,0.1279754,9.99539,4.116,5.301,3.99,10.716,10.63536,0.4006809,1.08,0.3318257628,0.03388348347,1.0,0.466408566,0.046181109,1.0,1.00461702,0.05495033016,1.0,0.02437233,0.13349472,1.0,0.34208611499999997,0.114448677,1.0,0.19430422039999998,0.1345304278,1.0,0.37603070889999995,0.1080734501,1.0,0.618866897,0.1130629346,1.0,0.6127332287,0.1390644962,1.0,0.7788917388,0.1669654231,1.0,0.7769860152000001,0.048057301840000004,1.0,0.3041917367,0.06805625858,1.0,0.5586644172,0.05853027156,1.0,0.727791504,0.053216385600000006,1.0,1.7096366559999998,0.161023304,1.0,1.319359488,0.19604482880000001,1.0,6.616774188,0.3860415378,1.17,5.811185964000001,0.365662236,1.16,2.22939872,0.16522606399999998,1.22,2.6100549799999997,0.15367468999999997,1.21,3.004745385,0.23107001900000002,1.18,10.1910946,0.3464388095,1.21,3.435673,0.4396129,1.12,9.49793,0.9245877,1.1,3.26063,0.163291,1.01,3.81003,0.310386,0.97,5.7937,0.15438,1.0,0.6686333733,0.09444710145,1.27,1.1866744889999998,0.1010419839,1.33,2.652109074,0.24157347570000004,0.99,5.374260675,0.35639577750000007,0.99,10.39403088,0.314023068,0.99,2.0540708320000003,0.16011688,0.99,24.31173456,0.170033284,1.18,32.988644324999996,0.20206353609,1.07,38.200350261000004,4.6661079559,1.19,47.98214735199999,6.110410068799999,1.19,1.0,1.27,1.08,0.99,0.97,1.14,1.08,0,0,1,40.77659,1,-99.0,2.5594,93.84,12.120000000000001,0,1
2477,760.774,757.84,150.2146759,2.2042632,2,293.0,22.67019,0.08022325,1.122427,2.097685,26.99934,0.0756489,1.646582,44.45661,0.1245621,42.36795,2.399,3.158,2.87,7.015,47.55491,0.2433202,1.14,42.2722308,0.02310145581,1.0,39.9005958,0.0311786748,1.0,44.91399968,0.03720949891999999,1.0,31.470623500000002,0.0905028505,1.0,35.9428881,0.0779540748,1.0,24.88077911,0.09157385607999999,1.0,36.9689705,0.07411653556999999,1.0,34.04795086,0.07641794138,1.0,41.095800360000005,0.09549630069,1.0,42.826121029999996,0.11265878959999999,1.0,32.870618199999996,0.03249636332,1.0,43.488821370000004,0.04572688527,1.0,32.69322798,0.040037768759999995,1.0,35.586878399999996,0.0366128784,1.0,42.315316159999995,0.10859268159999999,1.0,49.06519584,0.1347746656,1.0,42.285021269999994,0.2637526662,1.18,37.36008624,0.24730247279999998,1.18,46.1181472,0.118367328,1.1,41.34409383,0.1237974712,0.87,40.5724685,0.158153764,1.19,46.90245855,0.2449441895,1.16,35.90729,0.5267773,0.36,41.52588,0.6116661,1.16,-99.0,-99.0,0.0,-99.0,-99.0,0.0,-99.0,-99.0,0.0,34.967567579999994,0.09952292082,0.53,48.00176433,0.11258447849999999,0.5,36.43584012,0.15570191610000003,1.1,37.9981665,0.2248434825,1.14,47.0075886,0.2063398932,1.05,44.924599840000006,0.1056610724,1.06,53.3171572,0.1553985928,0.88,71.28525292199998,0.22315006934999998,0.44,133.66423455,4.1871001605,1.04,201.13429265999997,5.275953342199999,1.06,1.0,0.5,0.87,1.05,0.0,1.0,1.0,0,0,1,356.9032,1,-99.0,0.7293,230.9,10.57,1,1
2542,4430.657,784.544,150.0616608,2.2053952,3,157.0,6.664049,0.08359071,1.143558,2.154869,7.743667,0.07882435,1.646582,12.75058,0.1297907,12.55743,2.51,2.75,2.722,6.375,14.36015,0.2294315,1.05,0.36204842130000003,0.023440480920000003,1.0,0.39172341000000005,0.032338994999999995,1.0,0.7392287364,0.038453533799999995,1.0,0.37049653000000005,0.09264763,1.0,0.554121519,0.0800390577,1.0,0.27908755259999996,0.09414496453999999,1.0,0.47679581179999997,0.07559582184000001,1.0,0.4380750297,0.07879772846,1.0,0.6081950123,0.09733227081,1.0,0.7454397033999999,0.11585955359999998,1.0,0.5740946543000001,0.03357616303,1.0,0.1392415862,0.047441492960000005,1.0,0.46901500739999996,0.04091366076,1.0,0.596428848,0.037281921600000004,1.0,1.0573596799999998,0.1124743776,1.0,1.29560112,0.13675579200000001,1.0,9.462325001999998,0.2676380856,1.19,7.273938792,0.25109707200000003,1.19,1.53506256,0.113887488,1.26,1.856208666,0.1068256423,1.22,3.60209664,0.15900968150000003,1.22,14.00421635,0.242946431,1.22,2.213531,0.312426,1.08,12.9633,0.6511967,1.08,3.25944,0.066856,3.03,-99.0,-99.0,0.0,7.49136,0.0795495,1.84,0.5380806968999999,0.08022358242,0.85,0.7490074878,0.09330018048,0.76,3.6515427750000002,0.171363591,0.95,8.622918675,0.2527216125,0.95,14.265403560000001,0.2247540192,0.94,1.3129206080000002,0.1146565408,0.94,24.89326976,0.22377294240000004,0.46,29.930918939999998,0.19056248171999998,0.9,34.220479021,4.1948316616,1.17,29.511885963999994,5.516389183799999,1.05,1.0,0.76,1.05,0.94,0.0,1.12,1.05,0,0,1,98.23953,1,2.316,2.3377,32.2,9.9,0,1
2579,1493.832,818.165,150.1841125,2.2067816,3,39.0,14.48067,0.08166883,1.327534,1.861864,13.78803,0.07701205,1.646582,22.70312,0.1268066,20.30911,2.418,2.023,1.558,4.137,26.96103,0.1522407,1.1,0.18839289090000003,0.02040588906,1.0,0.221337948,0.027766159199999998,1.0,1.807694504,0.03297124644,1.0,0.39692941,0.08032096200000001,1.0,0.22008350699999998,0.0691164096,1.0,0.2778409611,0.08103071402999999,1.0,0.3094306523,0.06544145993,1.0,0.6087106134999999,0.06784577756,1.0,1.105505865,0.08398650788999999,1.0,1.4983424539999999,0.10058694610999999,1.0,0.6858279398,0.028878109420000003,1.0,0.1440851388,0.040674421880000006,1.0,0.42579346439999993,0.035545747319999994,1.0,0.680403984,0.0324175872,1.0,3.174440256,0.096666752,1.0,3.384469152,0.119284176,1.0,20.21048523,0.22597409129999999,1.24,16.67375976,0.21325118640000001,1.23,5.523672,0.100050736,1.23,7.8501880470000005,0.09290702329999999,1.2,11.5460797,0.136861703,1.23,26.558365199999997,0.2109469275,1.19,10.5945,0.2560916,1.2,23.24968,0.5382823,1.18,9.81017,0.0962552,1.06,13.7489,0.222521,0.74,16.0854,0.0921769,1.02,0.5279885312999999,0.06287752056,1.05,2.2059022049999997,0.0702348075,1.0,11.06371908,0.1424571372,1.03,18.77384775,0.2124086475,1.02,27.14308992,0.1837122588,1.03,5.199091504,0.0951145308,1.03,72.26196848,0.2907337496,1.15,81.247557456,0.28658731490999995,0.97,94.33089769200001,7.3034591832,1.12,58.03239598399999,9.8361928056,1.0,1.0,1.0,1.1,1.02,0.74,1.07,1.07,0,0,1,179.0373,1,-99.0,1.4873,26.58,10.72,0,1
2602,1765.245,804.493,150.1727905,2.2062137,2,202.0,3.313823,0.08057744,1.09693,3.053659,2.909007,0.07598289,1.646582,4.789917,0.125112,9.225099,4.083,4.374,2.792,8.142,10.11929,0.2873216,1.13,0.10436839545000001,0.033355738770000004,1.0,0.0258059958,0.045614789999999995,1.0,0.23606315919999998,0.054135748479999996,1.0,0.004666977050000001,0.13126426500000002,1.0,0.012570222,0.113174292,1.0,-0.1227714543,0.1332320299,1.0,0.07687741984999999,0.10696264039999999,1.0,0.005959168028,0.1114595746,1.0,0.3010887579,0.13786201080000002,1.0,0.08272546751,0.16444836659999998,1.0,0.09127062590000001,0.04743925279,1.0,0.03056105426,0.06693102013,1.0,-0.01997061714,0.058281294600000005,1.0,0.066794424,0.0530722896,1.0,0.49129392,0.1585923248,1.0,0.348838992,0.1955129376,1.0,7.276296489,0.3714435729,1.23,4.16400126,0.34962160200000003,1.22,1.7453808,0.177048352,1.06,1.962979252,0.154486046,1.17,2.474610865,0.22598201,1.22,9.85372907,0.34969160899999996,1.16,2.229489,0.4217793,1.19,7.940613,0.8866063,1.17,2.58963,0.158394,1.05,-99.0,-99.0,0.0,4.44259,0.150153,1.04,0.06480481566,0.10359794729999999,1.04,0.1982345274,0.1135983069,1.03,2.66934834,0.23565868920000002,1.01,5.720852025,0.34869707250000004,1.02,10.10922444,0.3028612896,1.02,0.8851410468,0.15583134320000003,1.03,31.18756824,0.1563410592,1.15,46.77132236399999,0.17936163413999998,1.1,48.463112502,4.909450002400001,1.11,40.83317169199999,6.067823283799999,1.07,1.0,1.03,1.06,1.01,0.0,1.07,1.07,0,0,1,38.28502,1,-99.0,1.8394,114.4,12.47,0,1
2717,1559.504,813.665,150.181366,2.2065947,0,279.0,16.56153,0.0820426,1.112017,2.297641,18.47762,0.07736451,1.646582,30.4249,0.127387,34.21931,2.814,3.46,2.93,7.419,38.05244,0.2642535,1.09,0.1459722693,0.025160258490000004,1.0,0.10259652000000001,0.0342788784,1.0,1.5700790599999999,0.040696070359999996,1.0,0.019642705,0.09903328650000001,1.0,0.051312639,0.0852565791,1.0,0.27031392289999995,0.10004733245,1.0,0.07179290733999999,0.08068233866,1.0,0.4143212513,0.08376122997,1.0,1.0771470820000002,0.1036489692,1.0,1.1467446059999997,0.12405087589999998,1.0,0.5248210241,0.03565257295,1.0,0.08801375585,0.05022945276,1.0,0.30094903679999996,0.0438630873,1.0,0.567625152,0.0399860928,1.0,3.88813568,0.1192968608,1.0,4.123511776,0.147179008,1.0,23.95012866,0.2786920359,1.24,19.624632000000002,0.26391446879999997,1.22,7.66241008,0.12452296,1.21,9.402399006,0.11466295489999999,1.2,12.2977039,0.171793032,1.19,37.33423615,0.262360157,1.17,11.00554,0.3173561,1.19,31.90845,0.6671021,1.17,11.3178,0.118776,1.06,-99.0,-99.0,0.0,20.1277,0.113312,1.03,0.46184952809999996,0.0768675111,1.07,2.102761674,0.0858277602,1.02,11.77642017,0.1765929609,1.02,21.952581000000002,0.2621779125,1.02,37.6499394,0.2277793008,1.02,6.83303984,0.11735036080000001,1.03,70.60042736000001,0.1561757896,1.18,65.081687346,0.15983798805,0.99,45.064313303,4.1316838761,1.17,78.78949635199999,6.07502735,0.88,1.0,1.02,1.09,1.02,0.0,1.12,1.09,0,0,1,238.8384,1,-99.0,1.1471,94.89999999999999,11.700000000000001,1,0
2911,1673.214,858.185,150.1766205,2.2084503,3,199.0,8.274399,0.08166883,1.106482,2.6823,7.535087,0.07666437,1.646582,12.40714,0.1262341,20.05856,3.641,3.597,3.004,7.659,22.19442,0.2722921,1.1,3.505242003,0.02931807297,1.0,3.90016848,0.040046916,1.0,5.840434776,0.04754368784,1.0,3.9044289500000002,0.115469366,1.0,4.13044317,0.0994185024,1.0,4.514550005,0.11696697889999999,1.0,4.63407021,0.09409802940999999,1.0,4.691521549,0.09780516042,1.0,5.148371281,0.1210525627,1.0,5.750121881,0.1446350297,1.0,4.548821434000001,0.04166384622,1.0,2.328169867,0.058749239439999996,1.0,4.375229628,0.05120073276,1.0,4.69711008,0.046653177600000005,1.0,6.969531504,0.1393502032,1.0,7.076879744,0.1717924416,1.0,16.360273199999998,0.32785044750000003,1.22,16.192871280000002,0.3086421972,1.21,10.338475200000001,0.154038176,1.08,12.58258612,0.1349333323,1.18,13.236640450000001,0.2014196515,1.18,21.704125299999998,0.3044949755,1.18,14.41552,0.3704862,1.19,20.22449,0.7855279,1.15,12.3383,0.138619,1.06,14.7077,0.272467,0.98,17.4052,0.131759,1.04,4.585622669999999,0.08968529214,1.07,6.613627995,0.1002165489,1.02,13.263283260000001,0.2071289313,1.01,15.805587000000001,0.3061656675,1.02,21.8170836,0.26600882760000005,1.02,8.300302156,0.13696515120000002,1.03,44.420224080000004,0.1673924288,1.17,54.87004352699999,0.18656097408,1.08,58.876259114,5.1370339589,1.07,43.167942614,6.826037240799999,0.93,1.0,1.02,1.08,1.01,0.98,1.03,1.03,0,0,1,98.28669,1,-99.0,1.8567,183.9,11.549999999999999,0,1
2917,2770.83,872.694,150.1308594,2.2090611,0,143.0,1.952578,0.09345726,1.113535,2.844167,1.681322,0.0881283,1.646582,2.768434,0.1451104,4.987235,3.841,3.307,2.912,7.355,5.553458,0.2982072,0.84,-0.022546426350000003,0.03111001155,1.0,-0.0532747488,0.0425747166,1.0,0.07023941584,0.05069221432,1.0,0.17648068500000003,0.12232437,1.0,-0.0291890928,0.1052538501,1.0,-0.1652893985,0.12445624159999999,1.0,-0.01822803906,0.09954310674,1.0,0.04733549623,0.1039899212,1.0,0.06649571899000001,0.1287653,1.0,0.04864290186,0.1528526874,1.0,0.002818411325,0.04421512138,1.0,0.017985816350000003,0.06285595636,1.0,0.02774891082,0.0540891264,1.0,0.029484503999999998,0.0492950592,1.0,0.545409592,0.1481090624,1.0,-0.0173781984,0.18114430080000002,1.0,1.841219364,0.49752960300000004,0.6,1.436725164,0.5025369612,0.52,0.116595888,0.216287456,0.62,0.03335697014,0.2039034218,0.59,0.653240194,0.30860723900000003,0.57,5.120819905,0.481244562,0.53,-0.3343219,0.5886477,0.53,2.851843,1.13439,0.62,0.719284,0.152393,0.98,0.773402,0.278171,1.04,1.58848,0.142722,0.98,0.026352284459999997,0.08704431936,1.27,-0.01630428345,0.09306711647999999,1.34,0.8305653663000001,0.22140561150000002,1.0,1.1776884,0.3287271225,1.0,5.744752164,0.2880544536,1.0,0.2054505624,0.1461789608,1.01,17.47844968,0.1549748864,1.13,25.312472289,0.1696985784,1.16,34.11355486,4.8809509446,1.11,31.189979764,5.802521623799999,1.07,1.0,1.27,0.52,1.0,0.98,1.06,0.84,0,0,1,19.07812,1,-99.0,2.4841,175.6,11.37,0,1
2922,1287.302,849.248,150.1927185,2.2080753,3,289.0,16.2119,0.08130012,1.098591,2.333067,17.09151,0.07666437,1.646582,28.14257,0.1262341,34.42907,3.028,3.589,3.327,8.051,37.82346,0.2863186,1.11,0.8321983437000001,0.025630920600000003,1.0,1.07977818,0.0347552556,1.0,2.989352916,0.0413079722,1.0,0.8556958050000001,0.100897783,1.0,1.1524447199999999,0.0867114927,1.0,1.2599640269999999,0.10146164717,1.0,1.1918576669999998,0.08226658748,1.0,1.722118871,0.08489841305000001,1.0,2.4708945780000002,0.1053077096,1.0,2.749182793,0.1261496047,1.0,1.685487779,0.036142216559999996,1.0,0.5892140775000001,0.05089727216,1.0,1.328914524,0.04454069226,1.0,1.7519064,0.040679668800000006,1.0,4.527774784,0.1211429024,1.0,5.055625856,0.1495826176,1.0,27.72788916,0.2827665858,1.25,24.32009436,0.26930132640000004,1.22,7.46792256,0.12477964799999999,1.24,12.226845149999999,0.1164431086,1.2,18.34503315,0.17136853650000003,1.23,36.7939218,0.26391127449999996,1.2,18.16372,0.3222493,1.19,31.51771,0.677388,1.17,15.9609,0.119906,1.07,-99.0,-99.0,0.0,23.5918,0.11452,1.03,1.527312861,0.057062752499999994,2.0,3.7373074829999995,0.06224527646999999,2.0,17.19527094,0.1796537331,1.02,26.902475250000002,0.2659943475,1.02,36.91870056,0.2305673244,1.03,6.606371428,0.11925115800000001,1.03,66.92114040000001,0.19315195440000002,1.08,76.210997616,0.20413468178999997,0.83,77.339310577,4.5805987381,1.24,48.779701876,6.257014349199999,1.08,1.0,2.0,1.11,1.02,0.0,1.18,1.11,0,0,1,222.9394,1,-99.0,1.8589,68.04,9.843,0,1
2937,4959.609,821.518,150.0395966,2.2069373,0,675.0,53.89829,0.1023773,1.079322,2.519861,57.35653,0.09653972,1.646582,94.44221,0.1589605,125.8347,3.235,4.688,3.396,9.297,135.8162,0.4233503,0.7,6.62768361,0.02766818268,1.0,10.00135578,0.037565151000000005,1.0,29.73839264,0.04470010072,1.0,5.8726639,0.10776772899999999,1.0,8.33475615,0.0931123557,1.0,12.416806849999999,0.11046419639999999,1.0,13.665807539999998,0.08857225223,1.0,21.43942845,0.09282582573,1.0,26.84523308,0.1147471186,1.0,28.798570219999995,0.13624517899999997,1.0,20.84650574,0.039075380459999996,1.0,4.788103729,0.05542590695,1.0,15.501424799999999,0.047691387599999996,1.0,21.085166400000002,0.0438982992,1.0,41.652208,0.1300287664,1.0,44.5113824,0.16007147840000002,1.0,101.47287779999999,0.6292895481,0.31,88.88645580000001,0.5308614060000001,0.37,49.3872592,0.16854544000000002,0.79,56.45753113,0.16718859689999999,0.68,69.37255865,0.264899045,0.59,135.39285299999997,0.361643803,0.76,67.01231,1.342363,0.08,122.5838,2.637901,0.09,-99.0,-99.0,0.0,-99.0,-99.0,0.0,-99.0,-99.0,0.0,-99.0,-99.0,0.0,-99.0,-99.0,0.0,65.92782474,0.22869500760000003,0.74,97.1582955,0.32421842250000005,0.78,134.32482720000002,0.3442342428,0.55,47.540629880000004,0.16628998120000002,0.62,102.06484576,0.27506719760000004,0.3,117.70699004999999,0.25225430022,0.49,97.91738879100001,5.098077350800001,0.99,349.87568419999997,6.2770319886,0.94,1.0,0.0,0.31,0.55,0.0,0.94,0.7,0,0,1,594.1237,1,-99.0,0.365,404.9,8.864,0,1
2975,1650.676,848.624,150.1775665,2.2080517,3,366.0,7.437304,0.0820426,1.068962,3.556723,6.627479,0.07736451,1.646582,10.91268,0.127387,24.7459,4.739,6.467,2.966,10.205,26.45243,0.3788755,1.08,2.5161694530000003,0.038889279570000004,1.0,3.07765224,0.0530946624,1.0,4.346121559999999,0.06303241868,1.0,2.6121990000000004,0.15314947500000003,1.0,3.01451598,0.13185711,1.0,2.9306232899999998,0.1550511587,1.0,3.66757083,0.1247957249,1.0,3.4997039770000002,0.1296847673,1.0,3.379247588,0.1604973283,1.0,3.5538913269999997,0.1918351568,1.0,3.7814227639999998,0.05523498977,1.0,2.083869614,0.07787159007,1.0,3.192887244,0.06789355704,1.0,3.5413780800000003,0.0618678,1.0,4.936300928,0.1847571024,1.0,5.098101408,0.2278034464,1.0,20.02581627,0.4347547653,1.22,18.01952976,0.4094238432,1.21,7.21906208,0.204210432,1.08,10.54540643,0.1789281455,1.18,13.62749295,0.265945936,1.19,25.70257275,0.4056035845,1.17,14.76267,0.4933409,1.18,22.26948,1.032667,1.17,13.0117,0.20774,0.83,15.0272,0.356636,1.01,18.0143,0.174694,1.04,3.275051853,0.1194973707,1.06,4.417446501,0.13287949740000002,1.02,13.426706970000001,0.2719829367,1.03,17.47869375,0.4059535725,1.02,25.73852256,0.3526922484,1.02,6.193035468,0.181624906,1.03,54.24178664,0.18458308720000002,1.18,71.187193701,0.1981323162,1.07,70.01967777200001,5.4365741721,1.09,54.070148999999994,7.538305052999999,0.87,1.0,1.02,1.08,1.02,0.83,1.04,1.04,0,0,1,85.66562,1,-99.0,1.9431,294.9,12.040000000000001,0,1
2981,1486.141,834.85,150.184433,2.2074769,3,468.0,8.4011,0.08166883,1.044798,5.707932,6.451208,0.07701205,1.646582,10.62244,0.1268066,45.89681,7.131,6.647,4.968,13.389,47.95291,0.513805,1.1,5.700995031000001,0.06255533844,1.0,6.2100402,0.0851214468,1.0,10.27358728,0.1010861104,1.0,4.860500050000001,0.24629236000000002,1.0,6.7159755599999995,0.211874019,1.0,6.811667366999999,0.24843543259999998,1.0,6.013615685,0.20068206619999998,1.0,7.671045436999999,0.2079517836,1.0,9.258539379,0.25747686329999997,1.0,10.367841819999999,0.3083855082,1.0,7.222874509,0.08853564875,1.0,4.55581926,0.12470968710000001,1.0,6.840614022,0.10897121459999999,1.0,7.17348192,0.099390672,1.0,12.82811088,0.2964050544,1.0,13.68837152,0.3657139136,1.0,39.74388327,0.6928849212,1.24,36.50209884,0.6591043152,1.21,21.9759088,0.305528016,1.24,26.88341175,0.2871340589,1.18,30.538047950000003,0.4194104595,1.23,46.5401943,0.6493291109999999,1.18,31.37557,0.7851024,1.2,43.11691,1.657254,1.17,29.3274,0.29374,1.07,32.0952,0.685325,0.73,35.0291,0.279807,1.04,6.812587293,0.1918191447,1.06,10.789697879999999,0.2121455349,1.03,30.917858850000002,0.4389441894,1.02,38.3041995,0.6511809675,1.02,46.523291760000006,0.5632969752000001,1.03,20.427756920000004,0.2916216108,1.03,67.09911176,0.29835386240000006,1.16,65.10101387399999,0.3050945480699999,0.95,72.546974298,7.3068316152,1.22,55.318388551999995,10.0920719742,1.01,1.0,1.03,1.1,1.02,0.73,1.17,1.1,0,0,1,83.7688,1,-99.0,1.729,128.6,12.33,0,1
3324,2854.564,934.063,150.1273651,2.2116182,0,349.0,13.92583,0.09345726,1.085876,2.814399,13.32213,0.0881283,1.646582,21.93597,0.1451104,36.09331,3.756,4.221,3.394,8.819,39.19284,0.362049,0.85,2.190643119,0.030794681100000002,1.0,2.7522292200000003,0.042143259599999996,1.0,8.662107828,0.05019250368,1.0,2.08569835,0.121139855,1.0,2.55135216,0.1041526479,1.0,3.027371742,0.1231006408,1.0,3.520127457,0.09850624553,1.0,4.442559825,0.1028635608,1.0,5.465093363,0.12734989559999998,1.0,7.739548641999999,0.151408292,1.0,4.413271484,0.04377891479,1.0,2.147039371,0.062150649700000005,1.0,3.448834068,0.05349678114,1.0,4.29458064,0.0487888992,1.0,12.697617919999999,0.146556384,1.0,12.8697472,0.1791800064,1.0,30.54690351,0.4497368106,0.72,26.249503559999997,0.4456463052,0.65,15.7823104,0.208838624,0.65,17.878809,0.192165805,0.65,23.966085800000002,0.285601364,0.65,39.42799215,0.45900446749999996,0.57,21.13804,0.5032626,0.71,36.94401,1.000787,0.78,21.1253,0.211163,0.5,23.0476,0.217217,1.67,25.4802,0.199709,0.49,3.924689343,0.09298544247,1.09,9.837922769999999,0.10305410309999999,1.07,22.35392775,0.2203482195,0.99,28.41009675,0.32510121,1.0,39.60184644,0.2850214248,1.0,15.0887002,0.14471012000000003,1.01,51.01143144,0.1518367552,1.17,39.48442992,0.17280477629999996,1.09,38.728176017,4.681560921100001,1.22,40.678199148,6.095926861,1.01,1.0,1.07,0.65,0.99,0.49,1.16,0.84,0,0,1,151.1674,1,-99.0,0.9535,102.6,11.709999999999999,1,0
3353,4361.757,946.753,150.0645294,2.2121532,3,319.0,15.21958,0.08130012,1.086551,2.78746,14.62247,0.07666437,1.646582,24.0771,0.1262341,39.0446,3.771,4.081,3.474,8.773,42.42397,0.3149761,1.11,0.6494766141,0.03028716063,1.0,0.805444536,0.0419260608,1.0,2.2861072080000002,0.04983707828,1.0,0.76331689,0.11983881650000001,1.0,1.002554784,0.10363398989999999,1.0,0.8151208182999999,0.12190801429999999,1.0,1.0002572348999998,0.09768152471,1.0,1.142824903,0.1018484335,1.0,1.773605131,0.1258635182,1.0,2.1845214299999998,0.15001049,1.0,1.311487361,0.04351163182,1.0,0.6155097767000001,0.06120788235,1.0,1.02842766,0.05298102984,1.0,1.2462024,0.048189715200000004,1.0,3.395643264,0.14561994720000002,1.0,3.841373792,0.1768050112,1.0,27.92012334,0.3546516942,1.13,22.45858752,0.3316676136,1.14,6.44334704,0.149145488,1.23,10.28606228,0.13887517019999998,1.21,15.10442065,0.20799191050000002,1.2,42.67341499999999,0.31302258499999996,1.22,12.93068,0.4098758,1.05,37.13002,0.8710662,1.01,13.5586,0.111827,1.8,17.3259,0.280661,0.96,21.7754,0.116492,1.43,1.2588210659999999,0.10680909089999999,0.8,2.923836435,0.1237327065,0.72,13.63337046,0.2201914989,0.97,24.541692,0.32760294,0.95,41.023167120000004,0.2879324352,0.96,5.444437068,0.1470286956,0.96,113.32726160000001,0.2354212528,0.53,158.81480666999997,0.19729438209,0.96,208.62165462000002,4.7419475279,1.24,203.82569288,6.1855404536,1.2,1.0,0.72,1.11,0.95,0.96,1.18,1.11,0,0,1,190.7337,1,-99.0,1.954,655.6999999999999,13.16,0,1
3384,2728.085,941.689,150.1326447,2.2119355,2,408.0,8.507921,0.09517221,1.070162,3.619958,6.988203,0.08974547,1.646582,11.50665,0.1477732,28.77912,4.804,5.467,3.429,10.088,30.79832,0.4317994,0.81,0.31821928380000003,0.03956756913,1.0,0.4650711,0.0542062092,1.0,1.0561606000000001,0.0645517818,1.0,0.3726101,0.155610085,1.0,0.37101409799999996,0.133936194,1.0,0.7128744120999999,0.1584498744,1.0,0.7539517986,0.126672392,1.0,0.7356646582999999,0.1322802063,1.0,1.069988948,0.1639243103,1.0,0.9274213689999999,0.19452136759999997,1.0,0.756094685,0.056314398,1.0,0.37682888880000004,0.07997000772000001,1.0,0.6945627882,0.06886104498,1.0,0.7664940480000001,0.0628009584,1.0,1.711246576,0.18846796799999999,1.0,1.707379168,0.23069097600000002,1.0,17.08663131,0.7314171084,0.45,15.1680084,0.7295074464000001,0.4,2.71172816,0.279987072,0.6,4.463491512999999,0.26401137880000003,0.57,7.228564665,0.419332289,0.5,31.232331900000002,0.6180147265,0.52,6.072225,0.9641992,0.32,25.63425,1.820432,0.39,6.73251,0.194056,0.98,10.3518,0.352685,1.05,13.4349,0.181671,0.98,0.7962712568999999,0.10514161019999999,1.41,1.15842519,0.1115978409,1.51,7.172356023000001,0.2831591925,0.99,16.2263325,0.4182826725,1.0,30.818458440000004,0.3663350676,1.0,2.5815680480000003,0.1860928664,1.01,82.48297624,0.16631267440000003,1.08,123.64594046999999,0.18141663968999996,1.14,182.03093163000003,5.0449093544,1.3,224.06083945999998,6.779699857999999,1.05,1.0,1.41,0.4,0.99,0.98,1.25,0.81,0,0,1,77.86692,1,2.107,2.1766,838.0999999999999,11.33,1,1
3388,4380.976,923.748,150.0637207,2.211195,3,461.0,9.834223,0.08166883,1.049355,2.823268,9.996851,0.07701205,1.646582,16.46063,0.1268066,26.45877,3.741,6.788,4.333,12.636,27.76464,0.4803193,1.1,0.4355521287,0.03067896021,1.0,0.430743144,0.0424522254,1.0,1.18941064,0.05046507312,1.0,0.2715829,0.121378445,1.0,0.627949035,0.1049415423,1.0,0.28502586119999995,0.12346436489999998,1.0,0.48687749109999995,0.09896069645,1.0,0.4070339801,0.103166195,1.0,0.9383340330000001,0.12750502230000002,1.0,1.062137069,0.15192790969999997,1.0,0.6454888619000001,0.04405696346,1.0,0.35402372520000003,0.062019692550000005,1.0,0.5080527684,0.05365472124,1.0,0.6766228320000001,0.04881635040000001,1.0,2.114934016,0.1474749328,1.0,1.9396018560000001,0.1790806976,1.0,18.35264178,0.3562258419,1.15,15.25999296,0.334511202,1.15,5.11836848,0.14986968,1.25,7.214741755,0.1412261708,1.2,9.388187995000001,0.20970176650000003,1.21,27.665671099999997,0.31990307949999996,1.2,8.741143,0.415141,1.05,24.77834,0.8779204,1.02,8.37437,0.113308,1.8,14.8736,0.305473,0.83,20.0058,0.114076,1.53,0.46864935809999997,0.10889166569999999,0.79,1.725139728,0.126233289,0.71,8.081354385000001,0.2240736381,0.96,15.5380575,0.3316877025,0.95,26.87339052,0.29315985840000003,0.95,3.457267492,0.1488888492,0.96,57.909336,0.23218178000000003,0.52,77.22447408,0.19587467366999997,0.95,85.632000421,4.6022344953,1.24,86.99829345799999,6.039010191199999,1.21,1.0,0.71,1.1,0.95,0.83,1.19,1.1,0,0,1,129.8089,1,-99.0,1.906,604.1,12.64,0,1
3400,4086.943,938.748,150.0759888,2.2118187,3,363.0,12.7547,0.07952866,1.069281,3.192141,11.10575,0.07499392,1.646582,18.28653,0.1234836,38.07679,4.432,5.169,3.688,10.173,40.71479,0.3642925,1.16,0.7331307309000001,0.03472919136,1.0,0.70518123,0.048015942,1.0,1.7652917479999999,0.05703920156,1.0,0.53393068,0.13755075,1.0,0.814031505,0.118719258,1.0,0.748408206,0.1393754055,1.0,0.9931081776,0.111682263,1.0,1.1878793189999999,0.11656427200000001,1.0,1.365023709,0.1437375613,1.0,1.639753423,0.1720633488,1.0,1.1250743719999998,0.04987386691,1.0,0.6511710844000002,0.07006195112,1.0,0.8772077016,0.0606448053,1.0,1.03181856,0.0550786896,1.0,2.973236032,0.1667331536,1.0,2.977462976,0.20253693120000002,1.0,21.62324157,0.4034628816,1.14,16.63267836,0.3828285948,1.12,4.7389192,0.16878358400000001,1.25,6.317430314,0.16305937439999998,1.15,10.078849100000001,0.235970023,1.22,40.7356802,0.355946604,1.23,7.722247,0.4693811,1.05,35.31335,0.9830341,1.04,8.97684,0.0763517,5.06,13.3004,0.318199,0.98,15.8615,0.0938258,2.91,1.128934164,0.10846743749999999,1.02,2.525996187,0.1191937851,1.02,9.47432673,0.25093422719999997,0.98,19.01504325,0.37146900000000005,0.97,39.350934,0.32559738480000006,0.98,4.8668348,0.16658299320000003,0.98,111.5745864,0.25269208320000003,0.76,150.27031539,0.23136873785999998,1.05,191.27591196,6.1589561324,1.05,110.33746945999998,7.923342459399999,0.94,1.0,1.02,1.12,0.97,0.98,1.01,1.01,0,0,1,148.0887,1,2.102,1.8366,570.4,11.620000000000001,0,1
3515,1536.392,991.912,150.1823273,2.214021,0,253.0,6.405243,0.08057744,1.089231,2.834885,6.040432,0.0756489,1.646582,9.946066,0.1245621,16.67059,3.742,4.388,3.102,8.596,18.15813,0.3051461,1.13,0.3998892720000001,0.031018464000000003,1.0,0.449300358,0.0422975904,1.0,0.7295471876,0.05026101388,1.0,0.46878476500000005,0.12230991000000001,1.0,0.427097055,0.1050684243,1.0,0.372023917,0.12358848439999999,1.0,0.5577541122999999,0.09974585852,1.0,0.2793043099,0.10320527689999999,1.0,0.4678215712,0.127883207,1.0,0.5201920143,0.1530765383,1.0,0.5343173502,0.04403288744,1.0,0.34263355640000004,0.06205444895000001,1.0,0.4790402435999999,0.05409583536,1.0,0.474830064,0.0493644624,1.0,1.236051856,0.147415008,1.0,1.238995104,0.181663568,1.0,9.608411339999998,0.3428354025,1.25,7.618607016,0.325430796,1.22,2.12671376,0.15984147199999998,1.12,2.87113775,0.13989516059999998,1.22,4.6175116449999996,0.20690741850000002,1.24,18.40251865,0.31741320749999996,1.21,3.808426,0.3932173,1.18,19.57533,0.8230869,1.17,4.24936,0.146032,1.07,6.7394,0.261489,1.17,7.16145,0.138384,1.05,0.47988430109999997,0.09604242276,1.04,1.016916498,0.1073988045,0.99,4.255927272000001,0.2181635721,1.02,8.749930350000001,0.32351518500000004,1.02,17.73789228,0.2799750924,1.03,1.972651304,0.1448698588,1.03,36.31701472,0.1590800072,1.18,45.188692145999994,0.19274275565999996,0.97,48.894914279,4.5739391886,1.1,36.999472825999995,6.591139002999999,0.88,1.0,0.99,1.12,1.02,1.05,1.05,1.05,0,0,1,79.84826,1,-99.0,1.7066,234.8,10.85,0,1
3559,5035.717,992.462,150.0364227,2.2140596,2,355.0,9.551522,0.1187821,1.077049,2.872963,9.547468,0.1120091,1.646582,15.72069,0.1844322,25.4781,3.85,4.57,3.622,9.48,27.44117,0.5021243,0.52,0.6694124394000001,0.031607958420000005,1.0,1.2248106,0.0428642136,1.0,2.79162972,0.05093774752,1.0,0.668540025,0.122814805,1.0,0.482659128,0.1059524802,1.0,1.5509864789999999,0.1260600814,1.0,2.6546663989999995,0.10102640163,1.0,1.939253899,0.1057285647,1.0,2.5900886620000003,0.13079715560000002,1.0,2.5938241909999995,0.15578098129999998,1.0,2.21558106,0.04461335441,1.0,0.15896708450000002,0.06292410373,1.0,1.7294953439999998,0.054498838859999996,1.0,2.0799984,0.050131636800000004,1.0,3.230590688,0.1480088896,1.0,2.925351104,0.1824100672,1.0,17.464698329999997,0.971180268,0.17,7.209483492,0.8231069303999999,0.2,3.92692624,0.22044228800000001,0.6,4.362168603,0.22495811,0.49,5.77869979,0.3542696955,0.43,27.16234105,0.4792346775,0.56,-99.0,-99.0,0.0,-99.0,-99.0,0.0,-99.0,-99.0,0.0,-99.0,-99.0,0.0,-99.0,-99.0,0.0,-99.0,-99.0,0.0,-99.0,-99.0,0.0,5.192446149,0.2690477298,0.7,13.44759675,0.38444348250000004,0.72,26.0213922,0.42009288840000003,0.48,3.4721827480000003,0.20325486280000002,0.54,33.1345636,0.29497144240000006,0.28,40.246213761,0.2997898534799999,0.43,34.721335358,4.857988296,1.17,44.851122507999996,7.0226459672,0.93,1.0,0.0,0.17,0.48,0.0,1.12,0.52,0,0,1,85.23831,1,-99.0,3.2572,2.919,9.165,0,1
3572,3452.915,1011.954,150.102417,2.2148664,0,218.0,8.699512,0.07952866,1.121534,2.264874,10.05923,0.07499392,1.646582,16.56334,0.1234836,17.56817,2.657,3.152,2.903,7.048,19.7033,0.2424495,1.16,0.24162330360000003,0.024790478190000003,1.0,0.275511912,0.0339804582,1.0,0.8112775571999999,0.04042644364,1.0,0.21619628,0.09784334900000001,1.0,0.201299406,0.0839961066,1.0,0.23786153049999997,0.09881380047999999,1.0,0.35140512329999996,0.07921307393999999,1.0,0.3432573298,0.08279690914,1.0,0.6487408733000001,0.1019811037,1.0,0.559343638,0.12236135869999998,1.0,0.4845132646,0.035329014730000004,1.0,0.22823410710000003,0.049748076620000005,1.0,0.406418547,0.04294796652,1.0,0.52898736,0.039123979200000006,1.0,1.164320976,0.1180089248,1.0,1.6840836800000003,0.14376800320000002,1.0,14.36877753,0.2800421367,1.2,12.48742344,0.26436117,1.2,2.7509048000000003,0.119011488,1.27,5.0691397899999995,0.1115344048,1.24,8.05150213,0.16554137100000002,1.24,19.67413185,0.24753612199999997,1.27,6.483543,0.3239073,1.11,17.53989,0.6781893,1.1,7.23085,0.118926,1.02,9.46699,0.228664,0.97,11.7386,0.113121,1.0,0.4231168845,0.06140398724999999,1.62,0.8923165992,0.06945035292,1.52,7.339423959,0.17780424120000002,0.99,13.901758500000001,0.26189562,0.99,19.19814264,0.2301053976,0.99,2.2743496920000004,0.1172539504,1.0,34.03251096,0.14046417360000002,1.25,40.703854698,0.16042871754,1.11,35.817395832,4.2314355969,1.11,29.792287295999998,5.568091814199999,1.01,1.0,1.52,1.16,0.99,0.97,1.07,1.07,0,0,1,134.1339,1,-99.0,1.9314,36.74,9.884,0,1
3641,2770.425,1018.411,150.1308746,2.2151322,2,287.0,13.57648,0.1009454,1.102786,2.47839,14.54286,0.09518945,1.646582,23.94601,0.1567372,30.51164,3.132,3.947,2.866,7.837,33.64781,0.3427296,0.73,0.5021772045,0.027093886350000002,1.0,0.6716452079999999,0.037123959600000006,1.0,3.7455032119999996,0.04422567908,1.0,0.520317795,0.10654694350000002,1.0,0.54039489,0.0917097531,1.0,0.5607772974999999,0.10846101559999999,1.0,0.6361416215,0.08671615568,1.0,1.493910638,0.09054674970000001,1.0,2.647242205,0.11220324350000001,1.0,3.172058414,0.13324902079999998,1.0,1.425251449,0.0385842688,1.0,0.3711846977,0.054706821860000004,1.0,0.9622139519999999,0.04712755542,1.0,1.4782425600000002,0.0430216848,1.0,5.934066736,0.1290109392,1.0,6.063063136,0.1579540128,1.0,24.25942977,0.4955956224,0.46,18.80149296,0.5202539052,0.37,8.68666352,0.200129776,0.55,10.64083735,0.1873952249,0.53,13.9436382,0.299030858,0.46,35.30009965,0.465084646,0.43,11.98684,0.6500562,0.33,30.76131,1.230674,0.4,13.1547,0.133589,0.97,15.9227,0.242733,1.04,18.453,0.125663,0.96,1.2007078919999998,0.07677068964,1.24,4.41500904,0.08265653603999999,1.29,13.834652580000002,0.19392380460000003,0.99,22.333526250000002,0.28622165250000003,1.0,35.144591760000004,0.2507323176,1.0,8.312816604,0.12807649040000002,1.0,53.77300576,0.1427453552,1.11,40.853239595999995,0.15632360054999997,1.11,45.305944041000004,4.3713905212,1.24,37.202747402,6.142017869599999,0.88,1.0,1.24,0.37,0.99,0.96,1.19,0.72,0,0,1,152.7781,1,-99.0,0.8626,184.70000000000002,10.35,0,1
3718,5060.751,1068.002,150.0353851,2.217207,3,24.0,3.496228,0.1223643,1.581008,2.277413,4.459112,0.115387,1.646582,7.342292,0.1899942,5.036251,1.921,1.533,1.204,3.165,7.962355,0.1949819,0.49,0.4490090202,0.02508295167,1.0,0.600656082,0.033978633,1.0,1.065963536,0.040371175679999996,1.0,0.41079775500000004,0.09736243350000001,1.0,0.477081885,0.08392164690000001,1.0,0.6185748918,0.09995127474999999,1.0,0.6003678527,0.08011132129,1.0,0.6936626388999999,0.08377736378,1.0,0.8794690267999999,0.1036144966,1.0,0.8880013268,0.12355658069999999,1.0,0.7158231374,0.03538509424,1.0,0.2521663711,0.04978320541,1.0,0.6002758098,0.04324940382,1.0,0.679506576,0.039769401600000004,1.0,1.5381622879999999,0.11728088319999999,1.0,1.455353632,0.1445750976,1.0,4.97781777,0.769799931,0.17,4.665430440000001,0.7078164672,0.17,2.2387976,0.185901648,0.53,2.598126115,0.18841328349999997,0.44,3.88980366,0.299003152,0.38,7.795633614999999,0.401560574,0.5,-99.0,-99.0,0.0,-99.0,-99.0,0.0,-99.0,-99.0,0.0,-99.0,-99.0,0.0,-99.0,-99.0,0.0,-99.0,-99.0,0.0,-99.0,-99.0,0.0,3.886312122,0.2134591218,0.7,5.771126025,0.3069337425,0.71,7.322605020000001,0.34399601640000005,0.45,1.8688399880000002,0.1641661168,0.52,30.755394000000003,0.7287161104,0.28,25.943885369999997,0.6852363160499999,0.42,45.645927342,11.072376772000002,1.14,68.96903131399999,16.490924902,0.8,1.0,0.0,0.17,0.45,0.0,1.09,0.49,0,0,1,38.64483,1,-99.0,1.8727,150.97,10.57,1,0
3731,4117.018,1051.25,150.0747375,2.2165062,3,137.0,3.085767,0.08057744,1.128673,2.528226,2.936965,0.07598289,1.646582,4.835952,0.125112,6.912115,3.366,3.374,2.528,6.805,7.801515,0.2366781,1.13,0.07710721044,0.02749286613,1.0,0.0476115588,0.0380639376,1.0,0.2631214696,0.04522510036,1.0,0.040153492000000006,0.10879945,1.0,-0.0518909538,0.0941136105,1.0,0.1426478431,0.11050844769999998,1.0,0.07151504668,0.08841792036,1.0,0.144963786,0.09236265511,1.0,0.1205567656,0.1138751646,1.0,0.23747237919999997,0.13617022439999998,1.0,0.149623656,0.039533999279999996,1.0,0.07673890382,0.05539748118,1.0,0.05333567292,0.0480459375,1.0,0.0838946064,0.0436463136,1.0,0.49312744,0.1320483216,1.0,0.2875822944,0.1603862368,1.0,3.683912976,0.3194676018,1.14,3.278824584,0.301981344,1.13,0.814855568,0.13377251199999998,1.25,1.119120717,0.1254559215,1.22,1.9005326500000002,0.1895179455,1.19,7.731163715,0.281517216,1.23,1.667059,0.3717572,1.05,5.846639,0.7861744,1.02,1.62798,0.0797598,2.89,2.28272,0.252573,0.98,2.86629,0.08924,2.01,0.14522508569999998,0.0858290781,1.02,0.3870173385,0.09385263927,1.03,1.7342928180000001,0.1991239074,0.98,3.3859040250000003,0.29312136,0.98,7.5332901240000005,0.25807860000000005,0.98,0.61669574,0.132105878,0.98,24.62175392,0.208906224,0.72,36.935962712999995,0.19570265090999997,1.0,60.00869367600001,4.8820499961,1.16,38.236863453999995,6.046573773399999,1.07,1.0,1.02,1.13,0.98,0.98,1.11,1.11,0,0,1,38.65297,1,-99.0,2.0998,211.60000000000002,11.49,0,1
3739,4211.669,1040.854,150.0707855,2.2160735,3,241.0,13.25827,0.08166883,1.112701,2.26708,15.14169,0.07701205,1.646582,24.93203,0.1268066,27.01315,2.71,3.438,2.926,7.39,30.05756,0.2619511,1.1,0.7595048022,0.02463873663,1.0,0.566118228,0.0341324568,1.0,1.4569958479999998,0.04056061328,1.0,0.755622965,0.09749787550000001,1.0,0.754344654,0.0843849888,1.0,0.7785498170999999,0.09913856185,1.0,0.7848698626999999,0.07932795255,1.0,1.2221110549999998,0.08282246269,1.0,1.5190452580000002,0.1022031478,1.0,1.7127429969999999,0.1220463468,1.0,0.8442432579,0.03543941209,1.0,0.5161784681,0.04969147334,1.0,0.8834032398,0.04309630908,1.0,1.08230688,0.039156811199999995,1.0,2.3106019040000003,0.11844181439999998,1.0,2.539014624,0.1438100832,1.0,22.78091421,0.2865715035,1.14,18.751911959999997,0.270768924,1.13,5.51028128,0.12058772799999999,1.24,8.349741868,0.1134497845,1.2,13.122551099999999,0.170041617,1.19,30.1296743,0.2537173505,1.22,9.997437,0.3302274,1.07,28.09152,0.6981574,1.04,11.5485,0.0925511,1.73,15.0835,0.225318,0.99,18.5447,0.0972053,1.36,0.9954981566999999,0.07690222068,1.02,2.05562448,0.08411231205,1.03,12.00951846,0.17849060190000002,0.98,21.464005500000003,0.2654975925,0.96,29.23464024,0.2327859288,0.97,4.97633622,0.11904983040000001,0.97,50.31680656,0.2052991128,0.63,56.836455273,0.18480815378999998,1.0,48.098839661,4.4988283028,1.19,36.943409478,5.604916826599999,1.2,1.0,1.02,1.1,0.96,0.99,1.14,1.1,0,0,1,196.6146,1,-99.0,1.7206,-8.718,12.85,0,1
3847,2037.776,1064.816,150.1614227,2.2170615,0,230.0,5.811058,0.07918807,1.104901,2.502597,6.230046,0.07467274,1.646582,10.25828,0.1229548,13.16203,3.137,3.816,2.888,7.735,14.54274,0.2668861,1.17,1.346060127,0.02726477511,1.0,1.46529084,0.037430897399999996,1.0,2.7857074959999997,0.04452602044,1.0,1.20005227,0.10734067700000001,1.0,1.6667620200000002,0.0925163442,1.0,1.680524065,0.1096039943,1.0,1.6894328989999998,0.08762220928999999,1.0,1.98485947,0.0913103499,1.0,2.5171081400000004,0.1132698663,1.0,2.7105811739999996,0.1345009652,1.0,1.9240752650000001,0.03899365901,1.0,0.9238809705000001,0.05510155526,1.0,1.86043188,0.047728007339999996,1.0,2.0780011199999997,0.043529304000000005,1.0,3.3000050720000003,0.13016203199999998,1.0,3.761556448,0.16020950080000002,1.0,12.160800179999999,0.3025166595,1.25,11.364059639999999,0.28547795400000003,1.23,4.59633536,0.133457264,1.26,7.406221771,0.12452672570000001,1.21,9.38744587,0.1850790485,1.22,14.3581945,0.281852702,1.19,10.15829,0.3442219,1.2,12.67819,0.729735,1.16,-99.0,-99.0,0.0,10.6069,0.165756,2.26,11.3881,0.193163,0.42,1.8367152749999998,0.08724354423,0.98,3.0521673,0.09551904687,0.98,9.391160961,0.1922159277,1.02,12.05169525,0.2857049475,1.02,14.762676960000002,0.2488294116,1.02,3.6197190160000003,0.12757837000000002,1.03,23.15260464,0.1390593296,1.27,33.41094354,0.15063456213,1.16,51.148933406000005,4.3980096489,1.13,75.15073975,6.304152183799999,0.8,1.0,0.98,1.17,1.02,0.0,1.08,1.08,0,0,1,83.43132,1,-99.0,1.9472,152.0,13.209999999999999,1,1
3910,1820.566,1106.724,150.1704865,2.2188063,3,70.0,13.19692,0.08093636,1.209709,1.864767,11.91453,0.07632135,1.646582,19.61824,0.1256693,20.34306,2.672,2.234,2.198,5.163,24.60918,0.1809596,1.12,0.8591360607000001,0.020341985280000002,1.0,0.956015424,0.027862894800000003,1.0,3.7433881319999998,0.0331410046,1.0,0.89429557,0.0801393685,1.0,1.03392135,0.0689644851,1.0,0.9761081269999999,0.08156194549,1.0,1.2765766859999998,0.06542099487,1.0,1.724674226,0.06798196295,1.0,2.459893763,0.08427861248,1.0,2.8856305519999994,0.10043116209,1.0,1.7515598159999999,0.029042531019999998,1.0,0.7529899582,0.04096302413,1.0,1.304026146,0.03556410378,1.0,1.7499182400000002,0.0324520608,1.0,5.587728224,0.0969949968,1.0,5.892428736,0.119448288,1.0,18.09658818,0.2253630543,1.25,15.80066196,0.21277709760000002,1.23,9.973841599999998,0.09888344,1.27,10.27350558,0.09212532042999999,1.22,11.380635300000002,0.1368903985,1.23,24.3061628,0.20817108399999998,1.21,11.3817,0.2586554,1.18,21.33133,0.5414205,1.17,10.9415,0.0982462,1.02,14.6342,0.167868,1.21,17.2623,0.0933822,1.0,1.545367932,0.05479536441,1.38,4.2349088340000005,0.06343079535,1.23,10.97837244,0.14330965950000002,1.02,16.9772505,0.21278370750000003,1.02,23.923063080000002,0.18513483840000003,1.02,8.022744176000002,0.0951617908,1.03,50.53756776,0.1819665456,1.28,55.66893929999999,0.21421738142999996,1.08,59.094122236000004,5.485479454600001,1.13,56.68740433199999,7.842259969999999,0.87,1.0,1.23,1.12,1.02,1.0,1.08,1.08,0,0,1,156.11,1,-99.0,1.205,113.3,10.229999999999999,1,1
3954,4827.732,1083.701,150.045105,2.2178605,3,351.0,16.62291,0.09345726,1.087149,2.459158,17.73957,0.08760837,1.646582,29.20966,0.1442543,37.60144,3.147,4.184,3.358,8.734,40.87836,0.3602519,0.84,7.332575811,0.026899422600000004,1.0,7.03823484,0.036810633599999996,1.0,9.99209772,0.04382942344,1.0,5.6896485000000006,0.1054393075,1.0,7.34488734,0.09081968700000001,1.0,8.471619974,0.1079591411,1.0,7.208922875,0.08643956089999999,1.0,8.266994307,0.09031235851,1.0,9.322475913,0.11171657150000001,1.0,10.155436689999998,0.1328479124,1.0,8.901207991,0.03826971462,1.0,5.948148231000001,0.053832077750000006,1.0,9.3566697,0.046663425839999995,1.0,10.4408496,0.04272455520000001,1.0,12.528397439999999,0.1277399968,1.0,15.51800992,0.15583065599999998,1.0,27.68589249,0.4217231889,0.64,26.84768652,0.37397578919999996,0.71,14.3556912,0.148672128,0.97,16.27618772,0.1411102628,0.91,20.12138355,0.213063098,0.88,40.4915434,0.305975358,1.0,21.03217,0.5293301,0.49,57.7125,1.252847,0.38,-99.0,-99.0,0.0,-99.0,-99.0,0.0,-99.0,-99.0,0.0,8.515893962999998,0.14986723829999998,0.32,11.15250084,0.1879641738,0.24,19.30184127,0.2127557673,0.82,25.9731045,0.3012180675,0.87,39.16732536,0.30121985160000003,0.69,13.891698920000001,0.1496261052,0.73,62.960947520000005,0.2571167392,0.37,78.40417326299999,0.23958365768999995,0.61,83.55791459299999,4.696600361900001,1.16,87.4485661,6.811263247999999,0.78,1.0,0.24,0.64,0.69,0.0,1.11,0.84,0,0,1,202.4872,1,-99.0,2.2321,268.2,9.859,0,1
3993,4488.598,1131.793,150.0592346,2.2198634,3,47.0,32.25385,0.08130012,1.24985,2.080626,28.15986,0.07666437,1.646582,46.36751,0.1262341,53.693,2.917,2.452,1.676,4.723,67.10821,0.1681863,1.11,2.334378756,0.022630195350000003,1.0,2.6066492400000003,0.0312908232,1.0,8.210133624,0.037235431640000004,1.0,2.5231254,0.08926158000000001,1.0,2.87609217,0.0773364711,1.0,2.885789168,0.09121315401999999,1.0,3.049167352,0.07291489898,1.0,4.018290727,0.0761465727,1.0,5.592601427,0.09412185785,1.0,6.512997644999999,0.11195077249999999,1.0,3.896703837,0.03248853372,1.0,2.1349615220000002,0.045558937380000004,1.0,3.036000078,0.03955873038,1.0,3.8656943999999998,0.036018528,1.0,12.89304432,0.1086570784,1.0,13.63913792,0.1319266912,1.0,45.99382188,0.2637497565,1.14,40.552535999999996,0.2492063832,1.13,33.4359056,0.11112833600000001,1.24,26.5699772,0.1045577091,1.19,28.816515850000002,0.1561460685,1.19,68.1697447,0.23506857299999998,1.2,27.08563,0.308897,1.03,59.63961,0.6438411,1.03,27.4281,0.110918,1.0,38.6097,0.216888,0.91,46.1895,0.10339,1.0,3.6953117939999998,0.09685931577,0.54,9.677021211,0.1042835157,0.56,27.102184290000004,0.1667592153,0.95,43.319031,0.24256806000000003,0.97,67.02567552000001,0.2167947396,0.95,23.694557160000002,0.1100297868,0.96,128.095468,0.37218892080000004,0.48,151.96221963,0.31035915260999997,0.83,148.89548242,7.3747098388,1.09,147.02523133999998,10.0722890776,0.91,1.0,0.54,1.11,0.95,0.91,1.05,1.05,0,0,1,367.3135,1,-99.0,1.1633,294.71999999999997,10.57,0,1
4056,5027.074,1083.694,150.0367889,2.2178607,3,457.0,16.45379,0.1154972,1.072565,2.773252,15.00332,0.1089115,1.646582,24.70419,0.1793317,42.54335,3.781,4.663,3.844,9.865,45.63049,0.5108018,0.55,0.24346741830000002,0.03051417462,1.0,0.33858981000000005,0.0413903646,1.0,1.284019088,0.049207612080000004,1.0,0.23417006,0.1186600855,1.0,0.410299659,0.10216683330000001,1.0,0.40052175419999997,0.12174396069999999,1.0,0.4919272974,0.09755683553,1.0,0.496921348,0.10201378,1.0,0.7018682194,0.1261453824,1.0,0.7965597534999999,0.15037006949999998,1.0,0.5943400425,0.04309969699,1.0,0.1270669158,0.06061565812,1.0,0.422310396,0.052646140919999994,1.0,0.5501494080000001,0.048377952,1.0,2.712956688,0.14305212479999999,1.0,2.590343808,0.175949104,1.0,28.296347549999997,0.9082900122,0.18,25.701373800000002,0.7760380344,0.21,5.54062512,0.209354928,0.62,10.97020925,0.2129365186,0.51,16.60549215,0.34238777950000004,0.43,44.34791454999999,0.457823193,0.57,-99.0,-99.0,0.0,-99.0,-99.0,0.0,-99.0,-99.0,0.0,-99.0,-99.0,0.0,-99.0,-99.0,0.0,-99.0,-99.0,0.0,-99.0,-99.0,0.0,15.833406690000002,0.2563750755,0.72,27.94745625,0.369029115,0.73,43.93737324,0.4019315148,0.49,4.196621836,0.192731006,0.56,117.2632352,0.301361308,0.28,159.74083475999998,0.28205307819,0.45,172.43857073,4.7300225682,1.07,117.57896761999999,6.957791395599999,0.8,1.0,0.0,0.18,0.49,0.0,1.02,0.55,0,0,1,137.757,1,-99.0,1.8985,494.40000000000003,9.77,0,1
4071,2743.788,1097.666,150.1319885,2.2184341,3,458.0,20.63546,0.1009454,1.08521,2.438075,22.76936,0.09518945,1.646582,37.49161,0.1567372,46.36039,3.047,4.095,3.534,8.864,50.31078,0.3956097,0.72,0.2784349923,0.0266481156,1.0,0.401689002,0.036527524799999996,1.0,3.504935852,0.04352990972,1.0,0.26622788000000003,0.1047326955,1.0,0.43408113000000004,0.0902330247,1.0,0.3882306858,0.10671179408999999,1.0,0.38886462229999996,0.08528128069999999,1.0,0.9694796407999999,0.08907296123,1.0,2.229981799,0.11039545980000001,1.0,3.0100754459999997,0.1310641955,1.0,1.1290478940000002,0.03798667458,1.0,0.2768396912,0.053779570760000006,1.0,0.6872844983999999,0.046355838659999996,1.0,1.10517984,0.0423592992,1.0,5.46281632,0.1268697456,1.0,5.932951776,0.1554914912,1.0,32.33850279,0.5590678182,0.35,24.78303924,0.5996685012,0.27,9.13918592,0.200585568,0.53,12.012994889999998,0.19165484389999998,0.49,16.76658275,0.3077275735,0.42,52.197680649999995,0.46274129649999995,0.42,12.61171,0.8016329,0.21,46.32001,1.53137,0.25,15.1404,0.131463,0.97,18.8036,0.236698,1.06,24.1491,0.122379,0.98,0.9216986882999999,0.08368642121999999,1.01,3.898111932,0.09327182435999999,0.98,15.873436530000003,0.1897404975,1.0,29.234231250000004,0.281424675,1.0,52.2388854,0.2464703892,1.0,8.723354772,0.125990434,1.0,87.48414752,0.1442585624,1.14,70.08266596499999,0.16054398944999998,1.08,73.691834666,4.638469069,1.11,52.192016267999996,6.244479929599999,0.87,1.0,0.98,0.27,1.0,0.97,1.06,0.72,0,0,1,239.2005,1,-99.0,0.8959,336.9,12.35,0,1
4131,1289.01,1131.514,150.1926422,2.2198358,0,210.0,7.104056,0.08057744,1.117133,2.341862,7.884422,0.07598289,1.646582,12.98234,0.125112,14.89233,2.86,3.196,2.998,7.212,16.63672,0.2517686,1.13,3.960897495,0.025694704710000002,1.0,5.680833600000001,0.0349172928,1.0,7.451040608,0.04152757268,1.0,4.5851214,0.1013473685,1.0,5.29208127,0.08686831440000001,1.0,11.144635939999999,0.10204964980999999,1.0,5.558014924,0.08275880382,1.0,9.277612157,0.08512448681,1.0,7.1637408670000005,0.1056007267,1.0,6.504114512,0.12651728739999998,1.0,7.359080188,0.03634226284,1.0,1.755409221,0.051193446340000004,1.0,7.01957553,0.044629399619999996,1.0,7.317377280000001,0.0408233088,1.0,7.586864272,0.12189419839999999,1.0,7.952269984,0.1502037184,1.0,12.538188270000001,0.2838499641,1.25,10.283854920000001,0.27096630359999996,1.21,6.6285039999999995,0.13135008,1.13,8.128599063000001,0.11537095959999999,1.22,7.727252875,0.17120131100000002,1.23,16.48863165,0.25891536249999997,1.24,8.090279,0.3248317,1.18,14.04279,0.682866,1.16,7.99677,0.139601,0.8,-99.0,-99.0,0.0,8.97271,0.115909,1.02,4.616008775999999,0.08080045157999999,1.0,4.962641463,0.08817034472999999,1.0,7.923283722,0.1816221816,1.01,10.846017000000002,0.268740465,1.01,16.51470624,0.2328701796,1.02,6.621749832,0.12031167240000001,1.02,33.243104960000004,0.1645760336,1.02,48.222936215999994,0.18963864036,0.77,65.213008657,4.0791040479,1.33,75.45486913799999,5.4562453292,1.07,1.0,1.0,1.13,1.01,0.0,1.28,1.13,0,0,1,103.7658,1,-99.0,3.0675,72.42999999999999,8.62,0,1
4138,1711.836,1065.547,150.1750183,2.2170901,3,882.0,42.03739,0.08242155,1.050804,3.253251,38.15985,0.07772186,1.646582,62.83331,0.1279754,130.1463,4.397,6.109,4.649,12.417,136.7582,0.477214,1.07,9.472490817,0.03552092808000001,1.0,11.480001,0.0485840862,1.0,40.124446999999996,0.057760535800000005,1.0,9.055840100000001,0.140017385,1.0,11.7910107,0.12039321,1.0,13.420339989999999,0.14212546189999997,1.0,13.79060221,0.1142541092,1.0,21.8187233,0.1185354027,1.0,36.49015961,0.1469019432,1.0,38.126974059999995,0.17538971239999998,1.0,22.41506823,0.05061963631,1.0,7.1848057690000005,0.07137214327000001,1.0,14.36071524,0.06205965042,1.0,22.9831296,0.0566220672,1.0,50.07325232,0.1692142192,1.0,50.367571840000004,0.20841550720000002,1.0,113.7411429,0.393178062,1.25,101.23684680000001,0.3712776384,1.23,66.30104639999999,0.175190048,1.23,75.92012636,0.16059053399999998,1.22,78.61389495,0.2395648765,1.22,134.2883765,0.36196008949999997,1.22,80.87789,0.4493475,1.19,121.5783,0.9445562,1.17,78.0507,0.169867,1.04,85.0558,0.292698,1.21,96.8789,0.161297,1.02,20.04234669,0.08880963641999999,1.6,43.30736982,0.0988550667,1.54,77.6862126,0.24893084700000004,1.03,108.22476,0.37125952500000003,1.02,134.312238,0.3228800544,1.02,61.12769084000001,0.1661217356,1.03,126.8333616,0.1781005784,1.22,88.206596595,0.2057973255,1.06,105.4426998,5.131400190800001,1.11,72.779816322,6.5600567299999994,1.0,1.0,1.54,1.07,1.02,1.02,1.06,1.06,0,0,1,490.9796,1,0.679,0.667,332.5,11.77,0,1
4152,5074.027,1130.143,150.0348358,2.2197962,2,342.0,15.11515,0.1223643,1.088844,2.586332,14.70408,0.115387,1.646582,24.21147,0.1899942,35.90304,3.474,4.462,3.068,8.621,39.0928,0.4648676,0.49,2.6031216750000006,0.028509462780000005,1.0,3.2936240999999997,0.0385805706,1.0,6.003167191999999,0.04584583036,1.0,2.4776728000000006,0.11059682800000001,1.0,3.01497231,0.0952445298,1.0,3.857461372,0.1135272498,1.0,4.003313853,0.09100527358999999,1.0,4.390911591,0.09511863053,1.0,5.105361643,0.1175870525,1.0,5.425051883999999,0.1403352692,1.0,4.282223554,0.04020078759,1.0,1.3131836829999999,0.056451344880000004,1.0,4.101075431999999,0.049155618119999994,1.0,4.4614584,0.045184584,1.0,8.269434576,0.1331886816,1.0,8.66502944,0.1641641792,1.0,23.508533189999998,0.9299614578,0.15,26.96762532,0.8287969404000001,0.16,10.7552272,0.21520214399999998,0.51,14.33666052,0.2218624005,0.41,19.5216476,0.3540440895,0.35,38.51571275,0.46991079399999997,0.47,-99.0,-99.0,0.0,-99.0,-99.0,0.0,-99.0,-99.0,0.0,-99.0,-99.0,0.0,-99.0,-99.0,0.0,-99.0,-99.0,0.0,-99.0,-99.0,0.0,18.582342660000002,0.24426699300000002,0.69,26.48452275,0.3511988025,0.7,37.286983080000006,0.3952514916,0.44,10.29474032,0.1882252376,0.51,53.4315988,0.30734077680000005,0.26,58.600188386999996,0.27712481355,0.4,66.98462949,4.7401157754,1.06,46.707430503999994,7.007892064999999,0.76,1.0,0.0,0.15,0.44,0.0,1.01,0.49,0,0,1,127.4327,1,-99.0,2.1109,195.0,11.690000000000001,0,1
4164,1643.787,1150.135,150.1778564,2.220614,0,183.0,4.6501,0.0820426,1.11581,2.666035,4.558953,0.07736451,1.646582,7.506688,0.127387,11.11061,3.455,3.93,2.471,7.261,12.39733,0.2581808,1.09,0.45033137370000004,0.029136054900000003,1.0,0.512895396,0.0398013252,1.0,1.5549608359999998,0.04734670952,1.0,0.42035822500000003,0.11483143900000001,1.0,0.32759374199999997,0.09866533529999999,1.0,0.48080872259999996,0.1164607872,1.0,0.40282411399999996,0.09375297162,1.0,0.9581458898,0.09710709756000001,1.0,1.037432619,0.12035094390000001,1.0,0.9852903717999999,0.14383179999999998,1.0,0.8931841301,0.04148826744,1.0,0.5311460635,0.058452817000000004,1.0,0.6225598068,0.05082978318,1.0,0.766543296,0.0464207088,1.0,2.582660496,0.138712496,1.0,2.537819552,0.170827968,1.0,7.8232909919999996,0.3223103787,1.25,7.39824072,0.3059034372,1.22,3.78718256,0.141771808,1.26,4.318944578,0.13089490439999998,1.23,5.3221247,0.19440607550000003,1.24,11.85892485,0.29275801799999995,1.25,4.786252,0.366702,1.2,9.947976,0.7773919,1.16,4.88621,0.139303,1.04,6.28613,0.238124,1.22,7.13324,0.153129,0.76,0.6778659185999999,0.06442534454999999,2.04,1.803449232,0.07193627181000001,1.95,5.1395482260000005,0.2051274393,1.02,7.671912150000001,0.30423849750000004,1.02,12.052512720000001,0.2646172368,1.02,4.093405996,0.136151334,1.03,22.34729,0.16235678879999998,1.18,20.896298162999997,0.18133760502,1.01,20.254686074,4.815012873100001,1.05,20.920278336,5.7652704792,1.07,1.0,1.95,1.09,1.02,0.76,1.0,1.0,0,0,1,58.92822,1,-99.0,1.0915,64.02,11.180000000000001,1,0
4192,714.748,1155.296,150.2165985,2.2208226,0,165.0,4.4297,0.08093636,1.126048,2.424855,4.646765,0.07632135,1.646582,7.651278,0.1256693,9.539006,3.066,3.231,2.707,6.891,10.74138,0.2408985,1.12,0.20900724510000002,0.02662310457,1.0,0.26467630799999997,0.036184792800000004,1.0,0.5577346411999999,0.043032498079999995,1.0,0.206109225,0.10481102050000002,1.0,0.259503741,0.08972627579999999,1.0,0.327060279,0.10601888349,1.0,0.4106272093,0.08588341761999999,1.0,0.23346524959999998,0.08823560646999999,1.0,0.2762228604,0.10982970360000001,1.0,0.5416979071,0.12986796059999997,1.0,0.27553634709999997,0.03768924765,1.0,0.1413815874,0.053156314030000006,1.0,0.2070468918,0.04608487122,1.0,0.31657070400000004,0.0422322576,1.0,0.9661487679999999,0.12608714559999998,1.0,1.16044016,0.1560225408,1.0,7.997281352999999,0.3047610081,1.18,5.608291068,0.2861097576,1.17,1.9859257599999998,0.1389824,1.07,2.792687352,0.1322143238,1.01,3.9686866,0.1865652775,1.13,10.651882599999999,0.2809341575,1.14,3.642132,0.3872834,0.89,10.21516,0.707066,1.16,-99.0,-99.0,0.0,-99.0,-99.0,0.0,-99.0,-99.0,0.0,0.3286337541,0.09390605826,0.79,0.860481999,0.1106782092,0.68,3.5474463090000006,0.1814909517,1.09,6.8356879500000005,0.26341581,1.12,10.73965284,0.2432775744,1.01,1.2457641480000001,0.12328149079999999,1.04,21.610263040000003,0.18043112079999998,0.75,27.343236374999996,0.2557068345,0.36,33.567341320000004,4.3701790553,1.08,33.301766173999994,5.7021711916,1.02,1.0,0.68,1.01,1.01,0.0,1.04,1.04,0,0,1,60.88421,1,-99.0,1.8674,80.8,10.46,0,1
4291,4492.683,1136.087,150.0590668,2.2200422,3,474.0,36.89045,0.08130012,1.070317,3.26528,31.25965,0.07666437,1.646582,51.47156,0.1262341,112.5439,4.549,4.674,3.999,10.073,120.4577,0.3682436,1.11,3.0168088980000003,0.03551757732,1.0,3.9039,0.049104978,1.0,14.83112488,0.05843616592,1.0,3.2871918,0.140077635,1.0,3.7856023800000003,0.121365972,1.0,4.3109724389999995,0.1431561934,1.0,3.960769736,0.1144313324,1.0,6.099341776,0.1195094439,1.0,8.942009938,0.1477201605,1.0,10.604151389999998,0.1756935824,1.0,6.4141257640000005,0.05098596372,1.0,3.0367163200000005,0.07149428719,1.0,4.259220528,0.06208219997999999,1.0,5.85773952,0.056528860800000004,1.0,24.53142432,0.1705191488,1.0,24.358428800000002,0.207042016,1.0,83.62371111,0.4085946225,1.17,73.33464324,0.3928685112,1.12,54.5814336,0.17302137599999998,1.26,47.041261799999994,0.1634032348,1.2,53.25597845,0.24505165400000004,1.19,120.738582,0.3704442475,1.19,49.64001,0.4871453,1.02,108.3975,1.020382,1.01,51.0438,0.174907,0.99,69.2996,0.340447,0.91,82.7561,0.163053,0.99,5.654545797,0.15200258789999999,0.54,17.00065926,0.16364006099999998,0.56,49.89426885,0.2603648421,0.96,76.98036675,0.38069886750000004,0.97,118.1341476,0.3402676764,0.95,41.57377132,0.17268804000000001,0.96,203.5311368,0.32440347440000006,0.47,173.84899194,0.27480240215999996,0.82,133.59507962,6.5055628497,1.1,209.43086453999996,8.848598123999999,0.94,1.0,0.54,1.11,0.95,0.91,1.05,1.05,0,0,1,407.7467,1,-99.0,1.1496,346.9,10.84,1,0
4356,3166.384,1182.629,150.1143646,2.2219763,0,386.0,8.919212,0.07952866,1.071085,3.785609,8.323695,0.07499392,1.646582,13.70564,0.1234836,31.52378,5.012,6.521,2.824,9.999,33.76465,0.3571698,1.16,1.1354600742,0.041462902589999996,1.0,1.2177126,0.0567810594,1.0,2.6612304399999998,0.06764237348,1.0,1.234643,0.16305337,1.0,1.028629035,0.140407176,1.0,1.2158854149999998,0.1653573944,1.0,1.1952860920000001,0.13234353440000002,1.0,1.5766039299999999,0.13846115909999998,1.0,2.182024329,0.1708046357,1.0,2.024098328,0.20405376949999998,1.0,1.7412247440000002,0.05906209825,1.0,1.2138064463,0.08314637029,1.0,1.353793584,0.07178922648,1.0,1.6688688,0.0656274288,1.0,4.920953024,0.19697997279999999,1.0,5.058756608,0.2408423552,1.0,19.47665889,0.4749125049,1.17,16.13044644,0.4528889088,1.15,7.097579359999999,0.201491296,1.25,8.449509678999998,0.187423236,1.23,10.722815700000002,0.27806038450000004,1.23,33.702094949999996,0.4270504365,1.19,10.6623,0.5514193,1.07,28.1607,1.149336,1.07,10.325,0.196822,1.04,13.7946,0.382208,0.98,16.7418,0.186643,1.02,1.365466758,0.1174310343,1.24,3.2527577159999996,0.1265945382,1.28,9.95185251,0.2970214128,0.99,18.107418,0.4384920225,0.99,32.85790884000001,0.38273879520000004,1.0,6.463287052,0.19595791880000002,1.0,76.80728072,0.19577918560000002,1.25,82.56423965399999,0.20992087349999997,0.99,64.89743534,5.1135222864,1.44,85.45796830399999,7.3893586315999995,1.0,1.0,1.24,1.15,0.99,0.98,1.37,1.16,0,0,1,110.9916,1,-99.0,1.2372,113.3,11.180000000000001,1,1
4371,5047.869,1188.058,150.0359192,2.2222092,0,234.0,7.390477,0.1176562,1.105858,2.490242,7.406656,0.1109474,1.646582,12.19566,0.1826839,16.64235,3.282,3.587,3.036,7.689,18.40407,0.3939592,0.53,0.09456203730000001,0.027441527700000003,1.0,0.138430266,0.037145050799999996,1.0,0.5705529455999999,0.04418218199999999,1.0,0.0755155425,0.1065900825,1.0,0.32440611,0.0916504302,1.0,0.21370679649999996,0.10935791389999999,1.0,0.31758608419999995,0.0876294881,1.0,0.2005212121,0.0915889337,1.0,0.33822791490000004,0.1131573234,1.0,0.5884888225999999,0.1350459054,1.0,0.1846846048,0.03872167828,1.0,0.07122678704,0.0543006685,1.0,0.10255577159999998,0.0473265879,1.0,0.183110448,0.043469112,1.0,1.096292912,0.1284546224,1.0,1.329197792,0.157985152,1.0,11.63511438,0.8380450047,0.17,10.17099912,0.7530626712,0.18,3.05794464,0.196041312,0.57,4.837430039,0.2015698074,0.46,6.10881678,0.3151013275,0.41,17.77196665,0.429711083,0.52,-99.0,-99.0,0.0,-99.0,-99.0,0.0,-99.0,-99.0,0.0,-99.0,-99.0,0.0,-99.0,-99.0,0.0,0.6100614645,0.1577682348,0.3,0.5127340023,0.2805808941,0.11,5.5243728270000005,0.2319889725,0.71,11.695886999999999,0.33396399750000005,0.72,17.66584332,0.3688945488,0.47,-99.0,-99.0,0.54,41.97819544,0.2880667992,0.28,52.097738471999996,0.25675729793999996,0.43,39.603874156,4.4377832688000005,1.17,38.24169577199999,6.556884529999999,0.8,1.0,0.11,0.17,0.47,0.0,1.12,0.53,0,0,1,66.75826,1,-99.0,1.5666,78.93,11.9,0,1
4540,3097.065,1228.663,150.1172638,2.2238939,0,206.0,12.41355,0.08057744,1.132247,2.229311,14.66697,0.07598289,1.646582,24.15036,0.125112,24.44137,2.553,2.948,2.798,6.692,27.67367,0.2325497,1.13,1.09845093,0.02441806515,1.0,1.20834324,0.0334348248,1.0,2.108330136,0.039843325279999994,1.0,0.9210670550000001,0.0959263145,1.0,1.012207833,0.0826944531,1.0,1.3009774269999999,0.09740596155999999,1.0,1.2947631619999997,0.07792208731999999,1.0,1.756701342,0.08155420493,1.0,1.755000066,0.10064711547,1.0,2.1674236779999996,0.12008841109999999,1.0,1.671355351,0.03478720641,1.0,1.0143382254000002,0.04896494045000001,1.0,1.517725158,0.0422776296,1.0,1.7072001600000002,0.0386812944,1.0,2.9041078559999995,0.11596432639999998,1.0,2.944228192,0.1419425728,1.0,19.52069235,0.2872029084,1.11,16.87935564,0.2753426532,1.08,4.39682144,0.125501888,1.12,6.462634060999999,0.113667112,1.16,11.36153795,0.16722253150000002,1.18,27.49075355,0.2592104285,1.12,9.777,0.335899,1.0,24.06418,0.6966475,1.01,9.72253,0.116514,1.03,13.7091,0.226444,0.97,15.9861,0.10986,1.02,1.591657521,0.07029907829999998,1.2,2.346536907,0.07425856034999999,1.29,10.69467039,0.1739211579,1.0,17.78951475,0.2582397825,0.99,27.639201240000002,0.2264787396,0.99,3.91922454,0.11535787920000001,1.0,45.114293520000004,0.1530872288,1.28,54.125326593,0.15333881822999998,1.03,60.270890227,4.300140869300001,1.2,36.11342449599999,5.7472682442,0.98,1.0,1.2,1.08,0.99,0.97,1.15,1.13,0,0,1,193.0299,1,-99.0,2.0737,65.93,10.11,0,1
4542,1748.488,1224.639,150.1734924,2.2237189,0,259.0,11.09693,0.08022325,1.108721,2.476501,11.46974,0.0756489,1.646582,18.88587,0.1245621,24.78673,3.183,3.283,3.206,7.559,27.48156,0.2636868,1.14,0.8962588914,0.02704613802,1.0,0.999936834,0.0369882864,1.0,2.6077005239999997,0.04403145956,1.0,0.909609915,0.10648452450000001,1.0,0.930184185,0.0915881022,1.0,1.0993857729999998,0.10831531009999999,1.0,1.1610123909999999,0.08699053517,1.0,1.411978942,0.09027718480000001,1.0,2.481743308,0.11190110130000001,1.0,2.140318474,0.1334971813,1.0,1.471035035,0.038586617680000004,1.0,0.8367404692000001,0.05435454092,1.0,1.12361103,0.04719296778,1.0,1.3721496000000002,0.043115803200000004,1.0,3.5880734239999996,0.12883832,1.0,3.563856192,0.15866853120000002,1.0,19.39673913,0.30175237829999996,1.23,16.00776888,0.28421056920000004,1.22,6.09312896,0.132785776,1.24,8.572942040000001,0.12316673849999998,1.2,10.82661425,0.183706612,1.2,26.89940895,0.2749863545,1.22,11.36941,0.3464558,1.16,24.81,0.7349077,1.12,10.1669,0.130572,1.02,12.3213,0.220375,1.23,15.2221,0.139572,0.79,1.210887339,0.060420955109999994,2.0,2.755758447,0.06770771397,1.9,10.21950486,0.18947709360000003,1.03,17.89914,0.282505965,1.02,27.313722,0.24580413000000004,1.02,4.930201008,0.12637134960000002,1.03,50.03620456,0.1449827304,1.26,59.03860692599999,0.16612764831,1.05,68.70376685000001,4.7605450851999995,1.03,44.16881400999999,6.1805442386,0.97,1.0,1.9,1.14,1.02,0.79,0.99,0.99,0,0,1,151.6181,1,-99.0,1.7038,313.90000000000003,10.89,0,1
4577,3047.509,1234.722,150.1193237,2.2241461,3,226.0,7.577546,0.08319548,1.112199,2.391193,8.349401,0.07845166,1.646582,13.74797,0.1291771,16.29149,2.949,3.267,3.097,7.411,18.11938,0.2676846,1.06,1.5905579040000002,0.026188702470000002,1.0,1.9097473200000001,0.035858082,1.0,2.6720449360000003,0.042737858239999996,1.0,1.5481599000000001,0.1028490395,1.0,1.81958805,0.0886841739,1.0,1.876622082,0.10449933702,1.0,2.170382907,0.08358246974,1.0,2.5169645490000003,0.08747090396000001,1.0,2.280423324,0.1080056975,1.0,2.5415180349999997,0.12876997699999998,1.0,2.416243921,0.03731088223,1.0,0.8858922253000001,0.05254038097,1.0,2.217050376,0.04535611044,1.0,2.3277249600000003,0.041507856,1.0,3.42300296,0.12437615839999999,1.0,3.418015328,0.1523102432,1.0,11.504080890000001,0.318292083,1.04,12.28824948,0.3069262224,1.0,4.47946912,0.14330315200000002,0.99,5.712284305,0.1281778277,1.05,7.673572500000001,0.189313119,1.06,17.98740525,0.298742199,0.97,5.541602,0.3639483,0.98,11.73692,0.7509618,1.0,7.16199,0.125009,1.03,8.85552,0.242944,0.97,10.2887,0.117222,1.03,2.24323347,0.0750833169,1.21,2.677235301,0.07965719657999999,1.29,7.354850553,0.1874104587,0.99,11.6565855,0.2770187175,0.99,18.287846639999998,0.242918298,0.99,4.41871548,0.12432499160000002,0.99,24.976501920000004,0.14573467040000002,1.31,29.555696897999997,0.15776569691999998,1.01,38.880658121,4.2862325984,1.22,39.28954745,6.1534832578,0.91,1.0,1.21,0.99,0.99,0.97,1.17,1.06,0,0,1,106.4273,1,-99.0,2.2135,103.6,9.035,0,1
4618,3065.609,1209.685,150.118576,2.223103,3,678.0,49.8122,0.0820426,1.078207,2.56927,54.53306,0.07736451,1.646582,89.79314,0.127387,118.698,3.236,4.557,3.56,9.385,127.981,0.3428881,1.09,0.8463576981,0.02813812677,1.0,1.2828114,0.0385282482,1.0,13.35139652,0.04591498428,1.0,0.863171625,0.11055429150000001,1.0,1.15923402,0.0952740243,1.0,1.3997009979999997,0.1122720239,1.0,1.7862621699999999,0.08981819462,1.0,4.14819295,0.09397142644999999,1.0,8.092047429,0.116030716,1.0,11.03372228,0.1383905012,1.0,4.4188990089999995,0.04008285424,1.0,0.5366164726,0.056462516580000004,1.0,2.293103892,0.04873668084,1.0,4.53471024,0.04458549120000001,1.0,23.21647744,0.1336573472,1.0,24.57875968,0.1636011488,1.0,90.59535231,0.3371498487,1.07,74.31379716000001,0.3202479288,1.06,34.8811664,0.15018785599999998,1.04,43.13632128,0.1345662903,1.1,52.11369965,0.1996801105,1.1,128.5002325,0.3115017825,1.03,48.37495,0.3814428,1.03,115.1253,0.8068875,1.0,49.5385,0.133655,1.04,60.1439,0.263682,0.95,70.3614,0.126573,1.02,3.6375132389999996,0.0806723712,1.21,16.393236209999998,0.08526724128,1.3,51.76830735,0.2004097716,1.0,82.19010975,0.29767195500000004,0.99,128.9676384,0.2610525564,0.99,32.8367206,0.1329300924,1.0,174.3832176,0.1525624952,1.31,133.16446377,0.16377076989,1.02,106.1553268,4.4465847141,1.22,142.30594939999997,6.321325417199999,0.94,1.0,1.21,1.04,0.99,0.95,1.17,1.09,0,0,1,704.8847,1,-99.0,0.8394,591.9,9.173,1,0
4657,1712.498,1252.779,150.1749878,2.2248909,3,253.0,8.672253,0.08057744,1.098564,2.765985,8.074837,0.07598289,1.646582,13.29588,0.125112,21.83516,3.686,3.755,3.181,8.053,23.98732,0.2838262,1.13,1.7562769200000001,0.030223017510000005,1.0,1.8887778,0.0413045802,1.0,3.181043536,0.04917726528,1.0,1.6365105000000002,0.118977603,1.0,2.06630676,0.1023046227,1.0,2.2178319839999996,0.1209582303,1.0,2.262855441,0.09721072284,1.0,2.088646967,0.100821281,1.0,2.7934770020000004,0.1249591194,1.0,2.9585897389999998,0.1491566153,1.0,2.14668058,0.04309470562,1.0,1.0944033167,0.06068318484000001,1.0,2.180029962,0.05269683084,1.0,2.16900048,0.048158707200000005,1.0,3.9372829599999997,0.14390895999999997,1.0,4.873798176,0.1772216032,1.0,17.032995839999998,0.3485471436,1.15,14.532899400000002,0.32156442240000005,1.19,6.92022064,0.150087328,1.21,8.92510918,0.1392431781,1.17,10.88816115,0.2094702235,1.15,23.7683747,0.3122151955,1.18,11.25857,0.3973669,1.1,20.18564,0.8559225,1.03,10.6979,0.146592,1.01,12.2043,0.245918,1.23,14.4544,0.137203,1.02,2.1801980309999998,0.0752061198,1.61,3.5503318889999997,0.0813674979,1.64,10.75093875,0.2137668984,1.01,16.211669250000003,0.315535185,1.02,23.452420680000003,0.2745210636,1.02,6.1284688560000005,0.1411486064,1.03,47.194584000000006,0.1495901576,1.23,55.76106311099999,0.17164955808,1.04,55.024660734,5.0710416876,1.04,36.658852564,6.2387900601999995,1.07,1.0,1.61,1.13,1.01,1.01,1.0,1.0,0,0,1,106.2718,1,-99.0,1.7629,300.70000000000005,11.4,0,1
4695,2638.009,1262.43,150.1363983,2.2252984,0,256.0,7.517922,0.09401857,1.094687,2.948346,6.940988,0.08865761,1.646582,11.4289,0.145982,20.24819,3.906,4.228,2.978,8.268,22.16544,0.3409579,0.83,0.9087057681,0.032221386840000005,1.0,1.0419357,0.0441742002,1.0,2.097524836,0.05268121716,1.0,0.704087525,0.126376785,1.0,1.0128088530000001,0.1091738361,1.0,1.182977558,0.12909723159999997,1.0,0.8550344264,0.10306605078,1.0,1.116509757,0.1077808655,1.0,1.377808988,0.1335945057,1.0,1.5107606079999998,0.1584124955,1.0,1.226673219,0.04601015505,1.0,0.8108494338,0.06495151902,1.0,1.088864208,0.05603901108,1.0,1.20404064,0.0513062928,1.0,3.003869232,0.153304632,1.0,3.156698528,0.1883896352,1.0,15.04159716,0.6859511061,0.34,12.031183799999999,0.611933424,0.38,4.65369488,0.21114296,0.7,6.493291727,0.209204281,0.6,8.73904631,0.33105503599999997,0.53,22.382575,0.45666515999999996,0.63,8.752868,1.077438,0.17,14.49741,2.39076,0.15,7.85028,0.155869,1.01,9.9308,0.281131,1.1,12.2764,0.145205,1.02,1.1643541739999999,0.09972935147999999,1.04,2.2116122729999996,0.10991880899999999,1.03,8.170647363,0.22904904510000001,1.0,13.68380475,0.33984625500000004,1.0,22.67566704,0.2974953852,1.0,3.9732332680000004,0.15225848720000001,1.0,58.82179816000001,0.15581276240000003,1.13,78.58261043099999,0.16557732125999997,1.12,94.278906032,4.617325124800001,1.17,58.934759996,6.560014433999999,0.95,1.0,1.03,0.34,1.0,1.01,1.12,0.83,0,0,1,78.28981,1,-99.0,1.8457,330.0,12.09,0,1
4844,3730.655,1288.096,150.0908508,2.226373,3,333.0,9.0771,0.0785198,1.070427,2.508072,10.04832,0.07404258,1.646582,16.54539,0.1219172,21.26817,3.157,5.532,3.372,10.063,22.76602,0.3552452,1.19,0.9746499216,0.027394497390000005,1.0,1.000337364,0.0377271882,1.0,2.94258206,0.04485928348,1.0,1.093027785,0.10789557950000002,1.0,0.9678481050000001,0.09344391839999999,1.0,1.297566839,0.10961478729999999,1.0,1.1965836189999999,0.08753528552999999,1.0,1.8423107449999998,0.09186841939,1.0,2.3086503,0.1127781248,1.0,2.7694205349999996,0.1350722408,1.0,1.80296114,0.03925448256,1.0,0.9585616512,0.05479483003,1.0,1.285334238,0.04754882219999999,1.0,1.88351712,0.043340064000000005,1.0,5.5904293119999995,0.1306369584,1.0,6.44863376,0.1592677504,1.0,16.77073488,0.3132010779,1.17,15.083201279999999,0.294459198,1.18,8.17006672,0.13192787199999997,1.26,9.034188267,0.1243383752,1.22,11.220633150000001,0.185782583,1.21,22.73433005,0.277238759,1.24,10.71268,0.3586878,1.11,22.45044,0.7544491,1.09,10.295,0.139542,0.91,13.3762,0.250637,0.99,14.7388,0.128712,0.95,1.429029945,0.06917913615,1.56,3.6321956189999995,0.0752524812,1.58,10.54540818,0.1981061676,0.98,15.911521500000001,0.29159019750000004,0.98,22.661334720000003,0.2544509736,0.99,7.859564848,0.130683352,0.99,33.91763968,0.1587984096,1.04,31.695047747999997,0.15511923297,1.17,18.133496605,4.8509373035,1.0,32.140011367999996,6.155903646399999,0.98,1.0,1.56,1.17,0.98,0.91,0.96,0.96,0,0,1,135.7101,1,-99.0,1.159,49.15,13.58,1,0
4925,3584.039,1348.371,150.0969543,2.2288835,0,109.0,1.823737,0.07918807,1.150199,2.430165,1.902999,0.07467274,1.646582,3.133443,0.1229548,3.853233,3.017,2.977,2.383,6.206,4.431983,0.2114552,1.17,0.0022904718330000002,0.026586246210000004,1.0,0.025413882,0.0365297556,1.0,0.07680103771999999,0.04345827288,1.0,-0.13115702,0.10451904900000002,1.0,0.049223426699999996,0.0905237403,1.0,0.1478489898,0.10618995254,1.0,-0.03761625714,0.08480077375,1.0,-0.044072859049999996,0.08907797173000001,1.0,-0.1845034386,0.109308559,1.0,0.1397417098,0.1308595897,1.0,0.01226624284,0.03802406092,1.0,-0.09313560791000002,0.05308940796,1.0,0.05424128934,0.046033808579999995,1.0,0.0177979536,0.042034536000000004,1.0,0.1978842112,0.1264645824,1.0,0.27252607040000004,0.1544403328,1.0,1.480319574,0.3013042845,1.19,1.789231908,0.28475359920000004,1.19,0.41838094400000003,0.128471856,1.25,0.43457965979999996,0.11996091639999999,1.23,0.685998581,0.17902528750000002,1.22,4.61933907,0.27194576000000004,1.21,0.7517325,0.3459911,1.12,2.903586,0.7310141,1.09,0.700919,0.128798,1.0,0.963312,0.252506,0.92,1.64541,0.122725,0.98,0.125218362,0.08184772688999999,1.05,0.18621910709999998,0.09035463996,1.03,0.8460637119000001,0.19093761630000003,0.99,1.7805075750000001,0.2826146925,0.98,3.832917516,0.24652074599999999,0.99,0.16395817280000002,0.12662182760000001,0.99,13.01345616,0.16449869120000002,1.08,19.456742565,0.15874524783,1.07,30.972415488,4.3587730085,1.1,26.883749985999998,5.3030005768,1.09,1.0,1.03,1.17,0.98,0.92,1.05,1.05,0,0,1,25.48452,1,-99.0,2.3525,107.39999999999999,11.469999999999999,0,1
5131,3609.114,1396.829,150.0959167,2.2309027,3,216.0,7.846921,0.07987369,1.121807,2.251918,9.054579,0.07531927,1.646582,14.9091,0.1240193,15.75192,2.661,3.147,2.9,7.039,17.67062,0.2431654,1.15,4.188426066,0.024637898940000003,1.0,3.9318356999999997,0.033854925,1.0,4.829215028,0.04027424984,1.0,5.3441027000000005,0.096783672,1.0,3.1861851,0.0839484702,1.0,3.9436758559999996,0.09842935382,1.0,3.8417242709999995,0.0785552383,1.0,3.355792396,0.08259378347,1.0,4.426231145,0.10128242521,1.0,4.042534545,0.12118943339999999,1.0,3.802846507,0.03524621671,1.0,3.564579145,0.04916603105,1.0,4.561477812,0.042649790519999994,1.0,4.293668640000001,0.038952340800000006,1.0,5.51388656,0.11717266080000001,1.0,6.234244576,0.143139328,1.0,14.117767409999999,0.2779238751,1.2,12.445397640000001,0.2637340884,1.19,7.19308096,0.119016368,1.25,8.891669722,0.11157787029999999,1.22,10.643062,0.1658867065,1.22,17.355640649999998,0.2520187,1.21,9.805389,0.3177885,1.14,15.96904,0.6773957,1.09,9.75348,0.119348,1.0,11.4263,0.230245,0.95,12.0836,0.113156,0.99,2.9194714889999998,0.06687571911,1.35,4.454115237,0.07627126221,1.24,9.95185251,0.176905458,0.99,13.612782750000001,0.2619185625,0.98,17.8965162,0.2284155396,0.99,6.409259420000001,0.1179363848,0.98,28.9809204,0.16281937600000002,1.07,32.692904711999994,0.15789065291999999,1.1,32.208562371,4.3826239316,1.1,36.598697077999994,5.6393425984,1.03,1.0,1.24,1.15,0.98,0.95,1.05,1.05,0,0,1,120.216,1,-99.0,1.4784,152.7,13.22,1,1
5138,1086.225,1350.095,150.2011108,2.2289412,3,755.0,46.52985,0.08439837,1.064686,2.792229,49.59023,0.07958595,1.646582,81.65435,0.1310448,122.0285,3.609,5.584,3.737,10.644,129.922,0.4071252,1.03,8.244042366,0.030695714010000003,1.0,10.013675880000001,0.041653092,1.0,35.28027008,0.04955843948,1.0,7.372840700000001,0.120954285,1.0,10.11792684,0.1035437256,1.0,11.31311467,0.12186808019999999,1.0,11.31791661,0.09891016674,1.0,20.37409594,0.101492688,1.0,31.90854829,0.1259476719,1.0,33.648537999999995,0.1505726495,1.0,20.66446754,0.04334681874,1.0,6.5256506430000005,0.061013867160000006,1.0,12.19055304,0.05306153736,1.0,21.0646464,0.0486381456,1.0,43.24218288,0.1454571664,1.0,42.58167776,0.1792338688,1.0,103.1954202,0.3991051209,0.9,90.52886183999999,0.3635439468,0.96,59.1383776,0.16796667199999998,0.98,64.64305068,0.1482395707,1.05,67.27224595,0.2300518235,0.97,127.8838275,0.32697354799999995,1.1,66.83839,0.4763672,0.78,114.7407,0.9865988,0.79,64.4393,0.150869,0.98,-99.0,-99.0,0.0,85.4151,0.140306,1.0,17.451509969999996,0.09520492727999999,1.02,36.519866369999995,0.1049613435,1.0,65.31217713,0.21942488970000001,0.99,96.59650350000001,0.3241406175,0.99,128.0786472,0.2808350316,1.0,50.53719744,0.14404186360000001,1.01,132.6384432,0.17200530560000002,0.93,99.40905819,0.22138652366999997,0.64,115.39538900000001,4.7626699181,1.3,83.45544303599999,5.5341704222,1.26,1.0,1.0,0.9,0.99,0.0,1.25,1.03,0,0,1,623.1027,1,0.66,0.6547,466.4,10.51,0,1
5146,4248.769,1406.888,150.0692444,2.2313242,2,134.0,5.213851,0.0828058,1.157852,2.141256,6.201694,0.0780842,1.646582,10.21159,0.128572,9.642156,2.387,2.673,2.506,6.03,11.16419,0.2148098,1.07,1.809554004,0.0233272731,1.0,2.5786628400000002,0.032225427,1.0,4.273252456,0.03834998684,1.0,2.3330487,0.09167399000000001,1.0,2.35223646,0.0799638189,1.0,3.393880436,0.09392478734,1.0,2.4401419349999998,0.07476856925999999,1.0,2.2879646570000003,0.07852345369,1.0,5.026023968,0.09658046396,1.0,3.9053372399999997,0.1149357888,1.0,2.721745126,0.03351969204,1.0,1.682495259,0.04674202041,1.0,2.2617581399999995,0.0406935696,1.0,2.19824832,0.037033310400000005,1.0,4.982720287999999,0.1117534912,1.0,4.439734560000001,0.13595711359999998,1.0,7.877712080999999,0.26980484219999995,1.14,6.284963112,0.2545979628,1.14,5.2535444799999995,0.114878128,1.22,5.326484527,0.1075413742,1.19,5.823672565,0.1608323405,1.19,10.87045375,0.24064754349999998,1.2,5.120011,0.3148561,1.05,8.87921,0.6626026,1.03,5.34154,0.113212,1.01,6.95407,0.211304,1.02,8.44931,0.106035,1.01,1.8492797369999998,0.10234556069999999,0.51,3.720235545,0.1102072257,0.53,5.588524422,0.1708896528,0.96,6.7817032500000005,0.252130095,0.96,11.1917988,0.2205356688,0.97,4.991516132000001,0.1126895796,0.97,21.215565280000003,0.1999076768,0.61,29.139812090999996,0.16928247491999998,1.01,40.632365546,4.2199121172,1.26,43.376853131999994,5.284784747,1.18,1.0,0.51,1.07,0.96,1.01,1.21,1.07,0,0,1,79.42316,1,-99.0,1.832,93.27000000000001,11.88,0,1
5244,4370.453,1404.964,150.0641632,2.2312443,3,373.0,10.9431,0.0828058,1.074459,2.779137,10.67097,0.0780842,1.646582,17.57062,0.128572,28.30481,3.722,5.24,3.306,9.698,30.41237,0.3591925,1.07,0.30773738850000004,0.030283929540000004,1.0,0.336366108,0.0417932268,1.0,1.8125316,0.04977077512,1.0,0.20672498,0.118940007,1.0,0.321459999,0.103671498,1.0,0.2788533445,0.12199759619999999,1.0,0.3833707031,0.09712010692999999,1.0,0.9466808637,0.1019306057,1.0,1.248384653,0.1255370424,1.0,1.4143629149999999,0.14921131189999998,1.0,0.933258959,0.04347130938,1.0,0.2716820897,0.060675737040000004,1.0,0.5493967344,0.052835203139999995,1.0,0.883582992,0.048097512,1.0,3.889852928,0.1450842016,1.0,4.444169792,0.1764389152,1.0,19.62165894,0.3519427635,1.13,18.272156759999998,0.33517228200000004,1.11,6.80577488,0.149385584,1.22,8.091238051,0.1395880044,1.19,10.593982800000001,0.2096997875,1.18,29.754980899999996,0.312499146,1.2,9.720747,0.4067197,1.06,26.75727,0.8684651,1.01,9.77765,0.146754,1.01,13.8356,0.276247,1.01,16.9899,0.137398,1.01,0.8537562077999999,0.12890955329999998,0.54,2.294796699,0.1389071151,0.56,10.16351973,0.22306250700000002,0.95,17.8538535,0.329005425,0.95,29.94912576,0.288321732,0.96,6.400951112,0.1470561064,0.96,64.59711656,0.21861783040000002,0.53,73.45913327999999,0.18293308487999996,0.9,52.544297220000004,4.8290425917,1.11,53.583512371999994,6.5346960484,0.9,1.0,0.54,1.07,0.95,1.01,1.06,1.06,0,0,1,136.6598,1,-99.0,1.2689,146.2,12.85,0,1
5309,2218.029,1431.167,150.1539154,2.2323265,2,281.0,10.79076,0.0820426,1.106415,2.268817,12.35303,0.07736451,1.646582,20.34027,0.127387,22.12755,2.703,3.422,3.16,7.662,24.48227,0.2736496,1.09,0.40465931820000006,0.024778032510000002,1.0,0.5449296840000001,0.0339498354,1.0,1.188472648,0.04050249456,1.0,0.420440165,0.0970522665,1.0,0.6170549909999999,0.08393722890000001,1.0,0.5446406831999999,0.09943677243999999,1.0,0.6815983174,0.0793675113,1.0,0.8893046261,0.08298159616999999,1.0,0.8170543567,0.1029078083,1.0,1.0465384089999998,0.12195721159999999,1.0,0.8251586079000001,0.03546260728,1.0,0.48676462330000003,0.049922975790000004,1.0,0.7342146053999999,0.04314075594,1.0,0.8293208160000001,0.0395071104,1.0,2.077565984,0.117899808,1.0,2.043589952,0.1453476864,1.0,18.723143580000002,0.333073359,0.85,16.61662356,0.3174940584,0.83,4.248772,0.131274928,1.07,7.804500977000001,0.12300929679999999,1.02,11.605152850000001,0.1861694775,0.99,24.20541595,0.2785028945,1.0,11.22101,0.4057032,0.71,20.85955,0.8770627,0.66,10.5354,0.119908,1.01,13.1506,0.2164,1.09,16.1787,0.112807,1.01,0.8332734959999999,0.06452318091,1.47,1.4546592449999998,0.07211126403,1.41,10.857622050000002,0.1748029473,1.01,17.641086750000003,0.25959837750000003,1.01,24.007120200000003,0.2267489232,1.01,3.215201772,0.11592310880000001,1.02,40.3594232,0.13643115520000001,1.2,47.441742543,0.15631131320999997,1.17,48.115199971,4.494076787,1.15,30.189605345999997,5.459031578199999,1.14,1.0,1.41,0.83,1.01,1.01,1.1,1.09,0,0,1,159.6731,1,-99.0,1.941,7.71,9.616,0,1
5314,5076.229,1442.118,150.0347443,2.2327945,0,253.0,11.02035,0.1211344,1.1054,2.426426,11.16159,0.1142273,1.646582,18.37846,0.1880846,24.1904,3.199,3.404,3.218,7.712,26.74007,0.4069118,0.5,0.2901123909,0.026843776050000004,1.0,0.337916514,0.0360701094,1.0,1.319294944,0.04303203828,1.0,0.280496285,0.10398390850000001,1.0,0.281420937,0.08916309780000001,1.0,0.376125257,0.10663224967999999,1.0,0.3612684383,0.08540881811,1.0,0.567729734,0.08929101819,1.0,1.106945603,0.109987872,1.0,1.107211119,0.13146429099999998,1.0,0.6563661337,0.037739846439999995,1.0,0.23887577200000001,0.05270423257,1.0,0.3582361008,0.04620088032,1.0,0.678018192,0.0423967824,1.0,3.0351195680000003,0.1252303104,1.0,3.272973984,0.1540666624,1.0,14.28507516,0.8375134995,0.16,13.105910999999999,0.7558920936000001,0.17,4.6480536,0.201967584,0.51,5.982475512,0.20846923109999999,0.41,7.591493475,0.332183066,0.35,25.64396375,0.43926434999999997,0.47,-99.0,-99.0,0.0,-99.0,-99.0,0.0,-99.0,-99.0,0.0,-99.0,-99.0,0.0,-99.0,-99.0,0.0,-99.0,-99.0,0.0,-99.0,-99.0,0.0,7.627431105000001,0.22744313100000002,0.7,13.808292750000001,0.32869719750000004,0.71,25.929103680000004,0.36879093,0.45,4.362561148,0.1748686164,0.52,62.2347988,0.2726491472,0.29,75.84965610299999,0.25946040860999997,0.43,61.145685036,4.234680559,1.31,72.27841839,5.400547841599999,1.34,1.0,0.0,0.16,0.45,0.0,1.25,0.5,0,0,1,97.71379,1,-99.0,1.3103,185.4,9.681000000000001,0,1
5338,4148.643,1453.732,150.07341,2.2332757,3,168.0,3.939787,0.08057744,1.100202,2.709118,3.60977,0.07598289,1.646582,5.943781,0.125112,9.701261,3.762,4.362,2.679,7.965,10.67335,0.280416,1.13,1.1912143272,0.029533119960000003,1.0,1.48914012,0.0407762862,1.0,1.872222836,0.048510463319999995,1.0,1.3874972500000002,0.11598426250000002,1.0,1.4155134,0.1012587366,1.0,1.531537493,0.11879423379999998,1.0,1.7357641069999998,0.09452336509,1.0,1.8077382949999998,0.09940601517,1.0,1.9089405030000002,0.1220695044,1.0,1.626474304,0.1453724209,1.0,1.786264518,0.04243026619,1.0,0.7113381367,0.05911269208,1.0,1.638961656,0.05145185286,1.0,1.6693704,0.046839408000000006,1.0,2.1477048319999996,0.14130178399999999,1.0,2.068131008,0.17206091199999998,1.0,7.425622293,0.3412515558,1.14,5.487077328000001,0.3248839884,1.12,2.7366064,0.146328752,1.2,2.618052632,0.1371578,1.17,4.712226585,0.20589120200000002,1.16,10.21282035,0.3056226935,1.19,3.14741,0.3983561,1.05,8.985918,0.8342851,1.04,3.96711,0.143175,1.01,5.42852,0.26835,1.01,6.28988,0.133636,1.02,1.6617871109999998,0.09707224178999999,0.91,1.9800340559999998,0.1010983077,1.01,4.255729011000001,0.2150414334,0.97,7.0206643500000006,0.31741248,0.97,10.81770588,0.278661942,0.97,2.2001420400000002,0.1418546708,0.98,23.40827472,0.2401017256,0.67,31.177740320999998,0.21682240164,1.06,47.071060898,5.44236251,1.24,34.845252953999996,6.5353474068,1.34,1.0,0.91,1.12,0.97,1.01,1.19,1.13,0,0,1,47.50767,1,-99.0,2.3012,222.5,11.77,0,1
5343,460.036,1436.097,150.2272186,2.2325199,2,277.0,13.719,0.1165617,1.099703,2.499813,13.54486,0.1099153,1.646582,22.30272,0.1809845,31.18562,3.336,3.537,3.324,7.989,34.29493,0.4108107,0.53,0.37807582440000004,0.02740598571,1.0,0.525724524,0.0374152818,1.0,1.411098612,0.04444279664,1.0,0.31821278500000005,0.10757649550000001,1.0,0.5265758819999999,0.0918373029,1.0,0.5460966588999999,0.10965795929999998,1.0,0.6995569349999999,0.08830757782,1.0,0.9536725154,0.0914285977,1.0,1.235183675,0.1130853365,1.0,1.252339431,0.13338474939999997,1.0,0.8977487868999999,0.03909133327,1.0,0.2826589056,0.05506568169,1.0,0.7135156001999999,0.04737569376,1.0,0.868918032,0.0433919568,1.0,2.058470544,0.1299992512,1.0,2.18677136,0.16055624000000002,1.0,19.796531910000002,0.49755288059999997,0.47,16.629939600000004,0.5034624732,0.4,3.93662768,0.3020232,0.24,5.459913952999999,0.2943725135,0.22,9.00304491,0.35710956050000003,0.33,35.1728777,0.6492432185,0.22,7.279844,0.7853836,0.23,28.44173,1.088702,0.52,-99.0,-99.0,0.0,-99.0,-99.0,0.0,-99.0,-99.0,0.0,-99.0,-99.0,0.0,-99.0,-99.0,0.0,8.381615949,0.2072356146,0.89,17.698842000000003,0.2920670025,0.97,34.286202,0.291880602,0.74,3.627573628,0.1443301496,0.8,78.86135024000001,0.1927783424,0.7,106.78510673999999,0.29849239367999997,0.25,156.11640133,4.697466555,1.08,153.24284907999998,5.690766075199999,1.04,1.0,0.0,0.22,0.74,0.0,1.03,0.54,0,0,1,123.23,1,-99.0,2.2115,402.8,10.85,0,1
5344,4484.817,1458.993,150.0594025,2.233496,0,159.0,7.168004,0.08093636,1.131659,2.386722,7.601274,0.07632135,1.646582,12.51612,0.1256693,15.11766,2.986,2.918,2.844,6.712,17.10803,0.2343454,1.12,1.7972519280000003,0.026046893520000003,1.0,2.0331308399999997,0.035834050199999995,1.0,2.964716832,0.04271992604,1.0,2.0325578500000003,0.1020925405,1.0,2.12344818,0.08891712480000001,1.0,2.383169951,0.10488000613,1.0,2.162028099,0.08345018528,1.0,2.0498055710000003,0.08762222106,1.0,2.6415846430000003,0.1079752805,1.0,2.71811715,0.12818452079999998,1.0,2.1538250899999998,0.03729806126,1.0,1.312265121,0.05209127863,1.0,2.01375957,0.04537148514,1.0,2.16553488,0.0413396832,1.0,3.876651584,0.124558616,1.0,3.666354656,0.15155112,1.0,13.505663519999999,0.3051625467,1.11,11.266880879999999,0.2895407628,1.1,5.805726239999999,0.13010665600000001,1.19,7.469971171,0.12032892429999999,1.18,9.2385657,0.182281732,1.15,17.1186784,0.269583211,1.19,8.423124,0.3614285,0.99,16.51177,0.7533338,0.99,8.83603,0.126336,1.0,10.1335,0.241451,0.98,11.7497,0.11782,1.01,2.296992723,0.1436459013,0.32,3.205076706,0.1856976264,0.23,8.639638479,0.1906997031,0.96,12.193539750000001,0.27979875000000004,0.97,16.81888068,0.2495624904,0.95,4.942724908,0.1257191616,0.97,30.0754516,0.20380718,0.52,34.26722535599999,0.18398875482,0.85,37.111907869999996,4.3584688874,1.15,30.337641345999998,5.6912408478,1.07,1.0,0.23,1.1,0.95,0.98,1.1,1.1,0,0,1,99.59565,1,-99.0,1.8154,168.0,11.32,0,1
5365,1611.004,1463.702,150.1792297,2.2336783,1,131.0,4.536266,0.08319548,1.143417,2.202421,5.212534,0.07845166,1.646582,8.582864,0.1291771,8.737638,2.557,2.757,2.718,6.378,9.990767,0.2284702,1.06,0.005596953933,0.02412942111,1.0,0.07951230299999999,0.0328715478,1.0,0.1777697152,0.039183604239999996,1.0,-0.032966390000000005,0.094796868,1.0,-0.0697133115,0.08148629160000001,1.0,0.06948339125999999,0.09632266815,1.0,-0.1810746399,0.07752829315,1.0,-0.05177309566,0.08032502907,1.0,0.04434869573,0.09952036839999999,1.0,-0.018714340399999998,0.11891040839999999,1.0,0.05465295688,0.03432897907,1.0,-0.02382911197,0.048247593180000006,1.0,0.08073422694,0.041879751,1.0,0.0385299024,0.0383285328,1.0,0.2308553728,0.11459857759999999,1.0,0.213257232,0.1410782496,1.0,6.177671361,0.32449362359999995,0.84,4.611061332,0.31124213040000004,0.81,0.6942776,0.127508544,1.06,0.7479910282,0.11743412199999999,1.04,2.0795529900000003,0.180496674,0.98,9.935973664999999,0.27385560499999995,0.97,1.212313,0.3806551,0.76,6.299761,0.8856019,0.61,1.94314,0.116138,1.02,3.25716,0.201669,1.16,4.36707,0.108812,1.03,0.18015489899999998,0.07445042526,1.04,0.1451376927,0.08203085631,1.02,1.8234630630000002,0.1694999376,1.02,4.946263350000001,0.25123533750000004,1.02,9.7643772,0.21854367,1.02,0.6567259052000001,0.11284931840000001,1.02,22.291295360000003,0.1307559208,1.19,29.146570127999997,0.16060542614999998,1.0,32.387060379000005,4.7861043057,0.99,48.05793121,5.5398433732,0.97,1.0,1.02,0.81,1.02,1.02,0.95,0.95,0,0,1,66.44264,1,-99.0,2.2167,213.9,9.039,1,1
5434,1852.576,1469.024,150.1691589,2.2339015,0,279.0,9.14949,0.08652461,1.095092,2.765335,8.852294,0.08159095,1.646582,14.57602,0.1343462,23.10437,3.631,3.987,3.14,8.244,25.30141,0.3127865,0.98,3.096712557,0.030238335270000003,1.0,3.1382387400000002,0.041313199200000005,1.0,5.7661310960000005,0.04926839764,1.0,3.1698609500000003,0.1186195975,1.0,3.1593172800000002,0.1022532021,1.0,3.2390440579999997,0.12110609439999999,1.0,3.2431001680000002,0.09703951256999999,1.0,4.160368465,0.10101969679999999,1.0,5.290580895,0.1251994137,1.0,5.38528543,0.14903405439999998,1.0,4.257080751,0.04318200566,1.0,2.942588541,0.06070552824,1.0,3.5485459859999997,0.0525898602,1.0,4.41173616,0.0481260576,1.0,10.11289136,0.1437765888,1.0,9.816001600000002,0.177161008,1.0,19.46802678,0.41002328520000003,0.83,19.85194908,0.3883684452,0.82,13.089624,0.15880203199999998,1.08,14.175162039999998,0.1485389997,1.03,15.36901295,0.223834795,1.01,25.53442555,0.34407221849999997,0.97,17.00214,0.4910432,0.72,22.07799,1.12118,0.6,14.8475,0.147806,0.99,17.1212,0.245893,1.24,19.71,0.139304,0.99,3.996381879,0.09395822411999999,1.03,6.845468409,0.10261710809999999,1.03,14.73371901,0.2122884378,1.02,19.4670105,0.314968605,1.02,24.525892080000002,0.274386456,1.02,12.449418240000002,0.140815896,1.03,31.56579144,0.16004018479999998,1.22,29.382861923999997,0.19309356962999996,1.06,22.400496304,5.1053782646000005,0.95,40.410581781999994,6.932081772,0.8,1.0,1.03,0.82,1.02,0.99,0.91,0.91,0,0,1,108.496,1,-99.0,1.2447,35.86,11.04,1,0
5519,1527.062,1491.936,150.182724,2.234854,1,356.0,4.260903,0.08359071,1.066167,4.024705,3.268889,0.07882435,1.646582,5.382493,0.1297907,16.08462,5.181,4.592,4.412,10.488,17.14888,0.3964638,1.05,0.6889856646,0.04414111719,1.0,0.913429452,0.060053136,1.0,1.399916276,0.07158322732,1.0,0.421425855,0.17343444500000002,1.0,0.626493231,0.148962807,1.0,1.0562396762,0.17594964459999998,1.0,0.7637961254,0.1418386893,1.0,1.005837833,0.14672247149999998,1.0,1.044134498,0.18178720050000002,1.0,1.184039584,0.21740986889999997,1.0,1.155531516,0.06269532626,1.0,0.30892233100000005,0.08809766773,1.0,0.902150124,0.0765021777,1.0,1.05515664,0.07003320960000001,1.0,2.1858957119999998,0.20947116319999998,1.0,1.781036,0.2577896544,1.0,10.619047140000001,0.6001207755,0.82,9.939715560000002,0.5656729344,0.82,2.8076104,0.232928256,1.06,4.3854178159999995,0.2176375539,1.01,6.378762275,0.32967765200000004,0.98,17.442240499999997,0.5056208535,0.95,8.148716,0.7002314,0.75,36.30462,1.63178,0.6,5.77475,0.213302,1.01,7.87392,0.362513,1.2,9.2777,0.198868,1.03,0.815512746,0.12406137599999999,1.25,1.34448795,0.1322172072,1.31,5.98266729,0.310051881,1.02,10.9758915,0.45937668000000004,1.02,16.49291724,0.399469842,1.02,2.62926284,0.20525396080000002,1.03,25.653635680000004,0.171668164,1.13,30.478923890999997,0.20828894813999999,0.93,41.624001072,5.8642818568,1.06,36.86860900199999,6.535939550799999,1.13,1.0,1.25,0.82,1.02,1.01,1.01,1.01,0,0,1,41.47055,1,-99.0,2.1107,83.36,9.892,0,1
5545,2038.691,1494.131,150.1613922,2.2349486,0,429.0,8.462242,0.08481108,1.070586,2.971632,8.55933,0.07997513,1.646582,14.09363,0.1316856,23.48869,3.914,4.524,4.111,10.048,25.14667,0.3830548,1.02,0.06300852873000001,0.032475805260000004,1.0,0.051189153599999995,0.0444315534,1.0,0.2699660524,0.05300822692,1.0,0.0729578095,0.12721185000000002,1.0,0.11569635,0.1099049658,1.0,0.1425852437,0.1302164657,1.0,0.1443725591,0.10408107556,1.0,0.118758871,0.1086787471,1.0,0.05606897417,0.1347290598,1.0,0.11816187529999998,0.15993893579999996,1.0,0.08016786162,0.04645047218,1.0,-0.04643008172,0.06531199254,1.0,0.004763883408,0.05649382266,1.0,0.10698672000000001,0.0517235328,1.0,0.4236987456,0.1544253152,1.0,0.5040056256000001,0.190403584,1.0,15.4466274,0.44096988449999996,0.83,11.72529264,0.4231270872,0.8,1.7954008,0.17247871999999997,1.06,2.3954030229999996,0.160764396,1.02,4.95391196,0.243474391,0.99,25.298271699999997,0.373959777,0.95,3.662012,0.5102556,0.77,19.83731,1.204821,0.6,4.43606,0.160293,0.97,7.74714,0.266176,1.23,11.6553,0.15029,0.98,0.2116817526,0.07812964073999999,1.72,0.1754884521,0.08491356666,1.74,4.691289546,0.2267029566,1.03,13.69677225,0.3365375475,1.03,25.335765000000002,0.29506954320000006,1.02,1.185441484,0.1511393704,1.03,53.770983120000004,0.16034127520000002,1.23,66.82580236799998,0.17371424772,1.1,66.053256112,4.7399903129,1.22,45.21002521599999,6.0971312395999995,1.09,1.0,1.72,0.8,1.02,0.97,1.17,1.02,0,0,1,107.0249,1,-99.0,2.0736,-11.799999999999999,11.49,0,1
5597,1906.437,1514.785,150.1669006,2.2358086,0,307.0,9.272072,0.08439837,1.093443,2.564085,9.697618,0.07958595,1.646582,15.96792,0.1310448,21.74269,3.281,3.739,3.427,8.34,23.77439,0.3075709,1.04,0.22443031470000002,0.02804167275,1.0,0.266019858,0.038314598400000004,1.0,0.7086189307999999,0.04570605116,1.0,0.0888705575,0.10989889200000001,1.0,0.201389559,0.0948204768,1.0,0.219173451,0.11231843379999999,1.0,0.223923623,0.08992220776,1.0,-0.01958834933,0.09372992035000001,1.0,0.5344662321,0.1161675925,1.0,0.7367804212999999,0.13815246969999997,1.0,0.29763147830000003,0.040062007930000004,1.0,0.27191793670000003,0.056300526930000004,1.0,0.30622302479999997,0.0487429239,1.0,0.30943886400000004,0.0446170464,1.0,1.296057152,0.13327722720000001,1.0,1.3733397120000002,0.1642693792,1.0,13.855409459999999,0.3802182582,0.83,10.884210000000001,0.37683354360000004,0.75,2.5011464,0.149365088,1.05,4.15588134,0.13917846279999999,1.01,5.925116105,0.21086343950000003,0.98,23.853761949999996,0.319130047,0.97,6.458172,0.4585022,0.71,21.21144,1.006574,0.64,5.69426,0.119079,1.31,8.13945,0.228311,1.24,10.3717,0.114936,1.25,0.27231796799999997,0.07666432812,1.33,0.8179148016,0.08672321151,1.24,5.78563362,0.19670417910000002,1.02,12.369798000000001,0.2904590325,1.03,23.60145744,0.2544257952,1.02,2.2180252240000002,0.13048391480000002,1.03,60.5524968,0.1511447608,1.23,78.02755587899999,0.17932133582999998,1.06,82.75579770099999,4.846809085399999,0.95,51.77971485999999,6.3440870096,0.87,1.0,1.24,0.75,1.02,1.24,0.91,0.91,0,0,1,121.8509,1,-99.0,1.7221,408.7,10.59,0,1
5636,4568.062,1458.411,150.0559235,2.2334719,2,1646.0,86.63141,0.08093636,1.038766,3.897415,77.68388,0.07632135,1.646582,127.9128,0.1256693,325.0379,5.287,6.556,5.931,14.529,337.6385,0.5602054,1.12,9.860544726,0.042577389300000004,1.0,11.025424800000001,0.0584467572,1.0,37.55204992,0.0697213132,1.0,10.337237100000001,0.166746695,1.0,11.5056375,0.14495155499999998,1.0,12.114926639999998,0.17134211289999998,1.0,12.62894633,0.13636903279999998,1.0,18.24242882,0.1431379598,1.0,24.22785023,0.17649869810000002,1.0,30.690363549999997,0.2094920296,1.0,18.0824612,0.06085732766,1.0,8.162006781,0.0850439456,1.0,13.236219,0.07408154766,1.0,17.684136,0.06754673280000001,1.0,65.72176415999999,0.2033257408,1.0,67.42873952,0.24745144,1.0,234.97961279999998,0.5013471293999999,1.1,196.4691984,0.4735353816,1.1,93.02490239999999,0.212661616,1.19,110.431347,0.1964389466,1.18,143.23903049999998,0.29607522150000004,1.16,339.6704805,0.4423716375,1.18,126.1031,0.5993481,0.96,337.0504,1.269224,0.93,127.543,0.2083,0.98,158.928,0.398515,0.96,184.185,0.194202,0.99,16.10808684,0.2310561936,0.33,45.099340649999995,0.3028656969,0.23,132.372261,0.3084157557,0.98,208.79969250000002,0.44979868500000003,1.0,333.12475800000004,0.40813314840000003,0.95,85.28067,0.20332764320000002,0.99,617.4933376,0.2735302008,0.51,677.6679393899999,0.25062102116999996,0.8,968.92239722,5.9276032824,1.11,1333.143485,7.385058185799999,1.08,1.0,0.23,1.1,0.95,0.96,1.06,1.06,0,0,1,1017.853,1,-99.0,1.0042,1786.0,12.65,1,1
5641,2906.425,1533.702,150.1252136,2.2366023,3,172.0,5.693179,0.09130853,1.118724,2.443532,5.316504,0.08610209,1.646582,8.754057,0.1417741,12.43512,3.371,3.613,2.607,7.151,13.91147,0.2826918,0.88,0.9890701566,0.026793275310000003,1.0,1.1898783000000002,0.0366417012,1.0,1.94155148,0.043704449799999996,1.0,0.6242839900000001,0.10469534050000001,1.0,1.25507445,0.090830817,1.0,1.5041448589999997,0.10681853685999998,1.0,1.3629308,0.08529984694000001,1.0,1.984588903,0.08961078830000001,1.0,1.804975197,0.1105536282,1.0,1.7809111669999997,0.13136097519999998,1.0,1.8169956980000002,0.03819748656,1.0,0.48366633850000007,0.053581335150000006,1.0,1.6018014719999998,0.0462843696,1.0,1.77733296,0.042487982400000006,1.0,2.680266368,0.1269260928,1.0,2.8003145920000003,0.156142048,1.0,9.253844997,0.3536711253,0.88,6.8045719920000005,0.35562893040000004,0.78,3.68772816,0.17575612799999998,0.69,3.991407888,0.1557793861,0.74,5.56849041,0.2346292505,0.72,13.5784927,0.37333932999999997,0.65,4.636843,0.4017137,0.84,10.95026,0.8134413,0.89,5.06212,0.131045,0.98,6.32568,0.248562,0.97,7.36626,0.123476,0.97,1.70350965,0.07033226553,1.44,2.1598817759999998,0.06994454571,1.74,5.224196232000001,0.1897792056,1.0,8.69602545,0.27823866,1.02,13.87165212,0.24646748400000001,1.0,3.5611166160000005,0.1255121628,1.01,21.935226880000002,0.15697583280000002,1.28,27.378286532999997,0.17921574800999998,1.02,30.630183899000002,4.9478214534000005,1.06,36.684663697999994,6.766690665799999,0.88,1.0,1.44,0.69,1.0,0.97,1.02,0.88,0,0,1,61.74651,1,-99.0,2.3919,158.79999999999998,9.884,0,1
5751,3663.944,1548.472,150.0936279,2.237221,0,384.0,17.66814,0.07952866,1.088166,2.591966,18.51558,0.07499392,1.646582,30.48742,0.1234836,42.08475,3.335,4.118,3.358,8.664,45.79522,0.3038391,1.16,7.080155880000001,0.02837232096,1.0,6.48849474,0.0389729886,1.0,10.02924956,0.04635400132,1.0,6.97438335,0.1111811325,1.0,5.7072859199999995,0.0968317791,1.0,6.977911946,0.11338802009999999,1.0,5.4951534330000005,0.09034131952999999,1.0,6.964424643,0.09524359240000001,1.0,10.79124187,0.1165772081,1.0,9.128852410999999,0.1392474146,1.0,8.11675058,0.04059442073,1.0,5.785823430000001,0.05652172659,1.0,7.120545377999999,0.0490606677,1.0,9.22032,0.0448324608,1.0,12.27170464,0.1348093344,1.0,14.120196479999999,0.1648542912,1.0,36.52992564,0.32090984310000004,1.19,38.65958064,0.3056437272,1.17,19.435868799999998,0.13748619199999998,1.24,22.90709122,0.1282985652,1.22,24.992494150000002,0.19089137150000002,1.22,45.33719405,0.28902118899999996,1.22,27.6573,0.3706858,1.11,40.40715,0.7796851,1.09,24.1161,0.136676,1.01,27.3468,0.272173,0.9,34.0075,0.130237,0.99,6.559714808999999,0.07156273028999999,1.56,10.19606445,0.07840331226,1.55,24.433874460000002,0.2024008785,1.0,38.320359,0.29705949000000004,1.01,45.504147599999996,0.26155128240000003,1.0,18.67015752,0.13436396080000002,1.0,72.61971376000001,0.14628246,1.1,83.80168933499999,0.16583827103999998,1.14,67.096732743,5.072514115500001,0.9,86.067612274,6.268630945599999,0.92,1.0,1.55,1.16,1.0,0.9,0.86,0.86,0,0,1,246.8945,1,-99.0,1.4177,160.5,12.120000000000001,1,1
5989,5017.915,1588.836,150.0371704,2.2389073,2,681.0,36.75194,0.1105801,1.065123,3.015713,33.17751,0.1042748,1.646582,54.62948,0.171697,104.0568,4.151,4.971,4.161,10.597,110.8333,0.5307349,0.6,13.741227420000001,0.033361363260000006,1.0,18.113893200000003,0.0447532956,1.0,44.03946008,0.05353672104,1.0,13.381043,0.129321805,1.0,16.0686036,0.11086982549999999,1.0,20.19715676,0.1326772697,1.0,23.96722251,0.10599107749999999,1.0,36.540474190000005,0.11108979969999999,1.0,41.30861797,0.13672644280000001,1.0,43.50648595999999,0.16315793199999998,1.0,35.13650444,0.04689773808,1.0,10.904981869000002,0.0655046423,1.0,26.789529539999997,0.05736235344,1.0,34.0090272,0.052583731200000004,1.0,56.18254096,0.1560397072,1.0,56.49139008,0.19163400319999999,1.0,92.17434951,0.9246939309,0.2,88.30442208000001,0.8455156536,0.21,62.392752,0.226048432,0.63,67.14048172,0.2252266302,0.54,77.66080855,0.359734704,0.46,108.24374949999999,0.47856370549999994,0.61,66.734,4.543894,0.01,-99.0,-99.0,0.0,-99.0,-99.0,0.0,-99.0,-99.0,0.0,-99.0,-99.0,0.0,-99.0,-99.0,0.0,-99.0,-99.0,0.0,74.01517416,0.2729912355,0.75,92.18116950000001,0.38637364500000004,0.8,107.0014212,0.4283107308,0.52,60.57210228,0.2024930316,0.6,67.31796560000001,0.29641705360000004,0.31,66.473072406,0.28075520186999997,0.48,58.158312504,5.059415830500001,1.07,115.01424391999998,6.200970034399999,1.16,1.0,0.0,0.2,0.52,0.0,1.03,0.6,0,0,1,318.1738,1,-99.0,0.3757,141.4,10.27,0,1
6001,1787.445,1632.099,150.171875,2.2406955,0,199.0,6.525817,0.08166883,1.122474,2.298381,7.271955,0.07701205,1.646582,11.97387,0.1268066,13.36228,2.81,3.072,2.949,7.013,14.99882,0.2476453,1.1,0.012740546880000002,0.025183115460000002,1.0,-0.0355018638,0.034323798600000004,1.0,0.24508995279999998,0.04095650108,1.0,-0.0027517862,0.09862611700000001,1.0,0.0827229459,0.0850168389,1.0,-0.19364153019999997,0.10063263683999998,1.0,-0.049607727399999996,0.08071029351,1.0,0.03642803857,0.08403219781,1.0,-0.009309132989000001,0.10412854390000001,1.0,0.02242125053,0.12401339859999999,1.0,0.08304416305,0.03590488181,1.0,0.006612827142,0.050399634990000004,1.0,0.049733427299999994,0.04365166188,1.0,0.0541861152,0.0399570912,1.0,0.42811976479999997,0.11946947999999999,1.0,0.6255326656,0.1471773248,1.0,7.7184254039999995,0.31499539289999995,0.97,5.71300614,0.3069243336,0.91,0.690004672,0.128909104,1.13,1.463164638,0.1178166184,1.13,3.0589996700000004,0.178301963,1.1,14.805441799999999,0.2638263925,1.14,2.44393,0.3972404,0.76,11.68835,0.778352,0.86,2.38206,0.121564,1.01,3.96574,0.206287,1.22,5.45708,0.114139,1.02,-0.053654819789999995,0.06896732651999998,1.32,0.29945325149999996,0.07765507970999999,1.24,2.578875237,0.1714306221,1.08,7.108494225,0.2554088775,1.07,14.59921104,0.2225509092,1.07,0.7016257408,0.11473215680000001,1.07,41.5886748,0.14790161999999998,1.2,56.07272420099999,0.17259557912999998,1.09,72.57922317900001,4.7634869299,0.95,52.064493827999996,5.9331115811999995,0.97,1.0,1.24,0.91,1.07,1.01,0.91,0.91,0,0,1,94.42619,1,-99.0,2.0262,220.20000000000002,12.040000000000001,0,1
6049,2801.427,1644.037,150.1295929,2.2411988,0,262.0,7.468472,0.09459011,1.09485,2.788816,6.907601,0.08919656,1.646582,11.37393,0.1468694,19.02379,3.789,4.053,3.1,8.259,20.82819,0.3426307,0.82,0.8956222470000001,0.030586574970000006,1.0,0.9814526280000001,0.0418126956,1.0,1.7846769159999998,0.0498786442,1.0,0.8713463450000001,0.119345851,1.0,1.038711702,0.1036958727,1.0,1.0193805019,0.12192096589999998,1.0,1.205719053,0.09733657241,1.0,0.9274776214,0.1023534919,1.0,1.584898063,0.1263441068,1.0,2.135375522,0.14987881299999997,1.0,1.1055003719999998,0.043621050480000007,1.0,0.6012211724000001,0.061155002970000004,1.0,1.0709922840000001,0.05281004454,1.0,1.0205097600000002,0.0484990656,1.0,2.8199537599999998,0.14481319839999998,1.0,2.694946272,0.1784301408,1.0,15.22335642,0.4848442809,0.61,13.1394372,0.5018598264,0.51,4.4046392,0.22919895999999998,0.53,6.924479146,0.2043245542,0.56,8.98438294,0.31232874850000003,0.53,21.0291113,0.491026202,0.49,9.917497,0.5615183,0.56,20.39245,1.046825,0.7,8.3643,0.150327,0.97,9.93146,0.287868,0.94,12.4856,0.138807,1.0,1.1553418619999998,0.08576859006,1.26,2.161163628,0.09088019927999999,1.34,8.379302904,0.20791159020000002,1.08,14.369586,0.3095870925,1.07,21.13397424,0.27424022760000005,1.05,3.9717682080000003,0.1389793724,1.07,39.35095376,0.1526457064,1.26,46.42615223999999,0.17114109129,1.05,51.411702066000004,5.526051016,0.83,34.820541516,6.4972979252,0.95,1.0,1.26,0.51,1.05,0.94,0.8,0.8,0,0,1,77.44247,1,-99.0,1.7349,138.9,10.030000000000001,0,1
6274,3560.405,1706.292,150.0979462,2.2437961,0,149.0,5.326716,0.07819195,1.138121,2.273839,6.064328,0.07373343,1.646582,9.985412,0.1214081,10.64219,2.698,2.977,2.63,6.52,12.11209,0.2196243,1.2,0.20272935690000002,0.024928816710000003,1.0,0.326581008,0.0341751462,1.0,0.6810999007999999,0.040644021,1.0,0.26316236000000004,0.097456544,1.0,0.157995915,0.0850219587,1.0,0.33276545879999997,0.09946526596,1.0,0.42666063439999996,0.07922436137,1.0,0.2598976413,0.08367895756,1.0,0.5527265711,0.1023420521,1.0,0.46396593529999997,0.1220595145,1.0,0.3950140857,0.03560872719,1.0,0.2158682765,0.0495787633,1.0,0.22323412139999999,0.04298794074,1.0,0.22045958400000001,0.039341217600000006,1.0,1.00557392,0.11817081119999999,1.0,1.0687562560000001,0.1447913888,1.0,9.94283286,0.28428932879999996,1.17,5.761774956,0.27063009720000003,1.15,2.3133347200000003,0.120795616,1.24,2.736867991,0.1129320621,1.21,3.7297718250000003,0.1686454325,1.2,12.04809045,0.253865894,1.22,3.124941,0.329675,1.08,10.71319,0.6808736,1.1,3.54546,0.120491,1.0,4.62266,0.230239,0.97,5.68359,0.114221,0.99,0.22277968409999999,0.07021169541,1.25,0.7345245023999999,0.07449492609,1.32,3.294484155,0.1696849812,1.09,8.43069045,0.2506308525,1.09,12.12504588,0.221705496,1.07,1.8921013599999998,0.11332664440000001,1.08,27.77366632,0.1474733024,1.1,36.692996183999995,0.15449799339,1.11,27.311710811,5.1234278017,0.88,32.307344918,5.826719165399999,0.94,1.0,1.25,1.15,1.07,0.97,0.84,0.84,0,0,1,82.24666,1,-99.0,1.596,185.1,11.42,0,1
6304,1160.512,1720.505,150.1980133,2.2443748,0,92.0,2.499142,0.07885181,1.171618,2.186338,2.875204,0.07435566,1.646582,4.734258,0.1224327,4.663613,2.521,2.772,2.2,5.754,5.463971,0.1952877,1.18,0.06387793128000001,0.024084784200000004,1.0,0.035239947599999995,0.032612977800000005,1.0,0.17339241919999998,0.03886514676,1.0,0.019149619000000003,0.09458334200000001,1.0,0.0800150169,0.08102272710000001,1.0,-0.03860634514,0.09557676392,1.0,0.34513901729999996,0.07729231201999999,1.0,0.1614443226,0.07962696621000001,1.0,-0.009556889592999999,0.09879989106,1.0,0.2921872114,0.11813655279999999,1.0,0.1074211333,0.03399475302,1.0,0.04416768834,0.0477317089,1.0,0.07339248156,0.041446463999999995,1.0,0.092204112,0.037963824,1.0,0.09329307519999999,0.11387053600000001,1.0,0.49369265920000005,0.1400228832,1.0,3.807875895,0.2670648747,1.22,2.719796448,0.26041546680000005,1.15,0.57140408,0.115496912,1.27,0.9043296704,0.1072322862,1.23,1.33281692,0.160320769,1.23,5.03724145,0.23954912999999997,1.25,1.191215,0.3140937,1.1,4.828073,0.6430846,1.14,1.45935,0.121357,0.92,-99.0,-99.0,0.0,2.28254,0.112382,0.96,0.01371495264,0.07556285715,0.99,0.1552410171,0.0809266185,1.03,1.0134252630000002,0.16224830550000002,1.11,3.142793325,0.23987082,1.11,5.547692448,0.2083958064,1.11,0.6985935392,0.1073718844,1.11,13.40583784,0.1561554584,0.99,18.272492901,0.18081487242,0.7,15.763449758,4.5661655321,0.97,24.641839931999996,5.250176045,1.06,1.0,0.99,1.15,1.11,0.0,0.93,0.93,0,0,1,38.66826,1,-99.0,1.6639,45.339999999999996,10.41,1,0
6344,3399.002,1703.886,150.1046753,2.2436953,0,276.0,5.032545,0.07819195,1.088527,2.822843,5.249753,0.07373343,1.646582,8.644147,0.1214081,13.05074,3.548,3.912,3.515,8.64,14.20609,0.2977914,1.2,0.0028228357950000004,0.03097442544,1.0,0.0867257976,0.0424031478,1.0,0.3417822144,0.050458819839999995,1.0,0.15529076,0.121024175,1.0,0.020921617500000003,0.10543972110000001,1.0,0.3048245404,0.1233942104,1.0,-0.06625605371,0.09838493203,1.0,-0.06968493169,0.10384662089999999,1.0,0.4262161847,0.1271775326,1.0,0.23745009539999998,0.15162302679999998,1.0,0.1809479282,0.04418576038,1.0,-0.06328197052000001,0.061590451010000005,1.0,0.08954747088,0.0533497431,1.0,0.0464231712,0.048889857599999996,1.0,0.5946758272,0.1466485072,1.0,0.7421489696,0.17992398080000002,1.0,10.154659019999999,0.35662447080000004,1.15,6.785863428,0.3368807016,1.15,1.83988688,0.149111328,1.26,2.604394806,0.139108918,1.23,4.49068743,0.20840947950000002,1.21,14.218038149999998,0.312721456,1.24,3.671307,0.4111809,1.07,12.28939,0.857034,1.07,4.17748,0.151897,0.97,5.56969,0.283574,0.99,7.37366,0.142415,0.98,0.005403408792,0.07396164942,1.74,0.5822890397999999,0.07947307601999999,1.79,4.012821522,0.2104512192,1.09,8.880413325000001,0.3108878325,1.09,14.66506224,0.273907098,1.08,1.555978788,0.1405663632,1.08,31.53590248,0.1534372608,1.17,43.671059873999994,0.15867318987,1.12,57.161578182,5.3138306954,0.85,58.309519376,6.0163131002,1.07,1.0,1.74,1.15,1.08,0.97,0.81,0.81,0,0,1,71.19909,1,-99.0,1.8004,108.2,13.0,0,1
6459,2264.759,1710.097,150.1519623,2.2439482,3,523.0,27.41981,0.07661215,1.078422,2.65419,28.51063,0.07224371,1.646582,46.94508,0.1189552,67.48507,3.463,4.287,3.771,9.368,72.77738,0.3195625,1.25,4.011972651,0.02906209884,1.0,4.953278460000001,0.0397252752,1.0,20.1429184,0.04741696696,1.0,3.6781661000000003,0.11342930100000001,1.0,5.10941571,0.0983523597,1.0,5.798992555999999,0.1162233412,1.0,5.797751497999999,0.09279586085,1.0,13.388055999999999,0.09733347194999999,1.0,18.72338713,0.1205861687,1.0,19.2876418,0.14279357749999996,1.0,12.644216779999999,0.04155481904,1.0,2.990254461,0.058311557060000005,1.0,7.240188497999999,0.050349999359999995,1.0,12.9040704,0.0461573232,1.0,26.12971712,0.1377993136,1.0,27.03160288,0.17009325120000002,1.0,60.19509768,0.3267040257,1.21,56.88489516,0.3237289872,1.1,35.316072,0.142075344,1.25,37.27900709,0.1332381778,1.19,42.136769050000005,0.1963415375,1.22,71.2998695,0.293123819,1.24,45.42241,0.3866146,1.07,64.93051,0.7876372,1.12,40.5606,0.140112,1.01,46.0558,0.275402,0.92,53.7946,0.131967,1.01,10.23465756,0.08496103413,1.16,21.62018196,0.09128301156,1.2,40.67012862000001,0.19366795350000002,1.12,58.23474825,0.28878323250000004,1.11,71.31132972,0.25282793519999996,1.11,34.067560040000004,0.13028353239999999,1.1,57.26740456,0.1537886552,1.15,44.14353933599999,0.17241460119,1.09,45.573229351,5.1719105265000005,0.92,57.07942480799999,6.209751741399999,0.96,1.0,1.16,1.1,1.1,0.92,0.88,0.88,0,0,1,394.6452,1,0.534,0.5316,140.7,10.34,0,1
6510,542.974,1753.27,150.2237549,2.2457352,0,194.0,2.935094,0.09825301,1.099146,2.970874,2.632324,0.0926506,1.646582,4.334336,0.1525568,7.933246,4.007,4.546,2.607,8.021,8.719794,0.3445926,0.76,0.0474838593,0.032583508260000005,1.0,0.047208696599999996,0.044474040000000006,1.0,0.04949553884,0.0527933164,1.0,0.08729261,0.12809391,1.0,-0.0489481818,0.1093894242,1.0,-0.04840207193999999,0.1308241116,1.0,0.07200219949999999,0.10463036198999999,1.0,-0.000795677421,0.1088491041,1.0,0.03939670674,0.1347260181,1.0,-0.11176845049999999,0.1588926101,1.0,0.08717750676,0.04644391489,1.0,-0.09614787062,0.06510184045,1.0,0.0348171729,0.056165269979999995,1.0,0.0827515968,0.0513777024,1.0,0.1764731696,0.1543349808,1.0,-0.1579119328,0.1907848288,1.0,3.644020989,0.4050874641,0.99,2.2798382640000003,0.401412498,0.89,0.36802032,0.225551648,0.61,0.4213207505,0.1960332686,0.7,1.2630076950000002,0.27838395099999996,0.77,8.594211555000001,0.5293605299999999,0.47,1.090438,0.4389406,1.04,7.742381,0.8895924,1.1,-99.0,-99.0,0.0,-99.0,-99.0,0.0,-99.0,-99.0,0.0,0.08037754275,0.1439371776,0.5,0.1213156386,0.15655879979999998,0.5,1.081664811,0.2254029309,1.07,3.2315508750000004,0.32063340749999997,1.14,8.50434354,0.3088256652,0.93,0.35517307800000003,0.1550562792,0.98,30.784496960000002,0.18753394080000002,0.75,45.72298317599999,0.30546233523,0.29,70.291529917,5.9100586064,0.79,60.742152667999996,6.1885614453999995,0.93,1.0,0.5,0.61,0.93,0.0,0.75,0.75,0,0,1,28.4113,1,-99.0,2.5012,155.4,10.38,0,1
6548,3618.749,1776.063,150.0955048,2.2467034,0,126.0,2.794979,0.07819195,1.152291,2.245351,3.216675,0.07373343,1.646582,5.296517,0.1214081,5.446289,2.59,2.788,2.506,6.159,6.275707,0.2072057,1.2,0.037606058160000004,0.02461348626,1.0,0.0898501344,0.033754031999999996,1.0,0.1732517204,0.040126010319999995,1.0,0.13500097,0.09618611250000002,1.0,0.1076427933,0.0840288288,1.0,0.21914754779999998,0.0982627099,1.0,0.02166479777,0.07821492756,1.0,0.1782856152,0.08268136701,1.0,0.03955700433,0.10106007694000001,1.0,-0.18676154069999998,0.1204479906,1.0,0.06590595161000001,0.035169486629999996,1.0,-0.05068798898,0.04895339636,1.0,0.133457055,0.042446564939999994,1.0,0.162286752,0.0388269408,1.0,0.273355472,0.11669862880000001,1.0,0.15567748480000002,0.1429642752,1.0,3.942750189,0.2805814011,1.17,3.282809952,0.26682416519999996,1.15,0.610865712,0.119733728,1.23,0.7599904039,0.11337734199999999,1.17,1.8710752350000002,0.1665793565,1.2,6.12801557,0.2517953795,1.21,1.293378,0.3270622,1.07,4.99713,0.6849115,1.06,1.63546,0.116687,1.04,2.16222,0.227088,0.97,3.11983,0.113943,0.97,0.002564723343,0.08032040387999999,0.93,0.3338331048,0.08126562950999999,1.08,1.84165587,0.1659293514,1.11,3.198912675,0.24525931500000003,1.11,6.4034965800000005,0.21399315840000002,1.12,0.39652652320000004,0.110380456,1.11,15.93161216,0.14876003680000002,1.09,23.518780974,0.14615593082999997,1.14,34.257856809,5.1813864582,0.83,40.13167138399999,5.7200042426,0.94,1.0,0.93,1.15,1.11,0.97,0.79,0.79,0,0,1,43.62573,1,-99.0,2.0925,102.7,11.42,0,1
6550,3653.513,1756.754,150.0940552,2.245899,3,227.0,5.415149,0.07819195,1.101601,2.793002,5.16592,0.07373343,1.646582,8.506109,0.1214081,13.72958,3.679,4.169,2.753,7.894,15.12452,0.2694367,1.2,2.6050483620000002,0.03060787623,1.0,2.60615238,0.0419903484,1.0,3.137224596,0.04991745132,1.0,2.53328355,0.11963637650000002,1.0,3.08455707,0.1045311792,1.0,2.813616377,0.12225015239999998,1.0,2.8141883770000002,0.09729005131999999,1.0,2.82652326,0.1028375062,1.0,2.9328679739999997,0.12568912740000002,1.0,3.6113430149999997,0.1498170261,1.0,2.6553011829999997,0.0437508261,1.0,2.332613721,0.06088986129000001,1.0,2.7514097219999996,0.05281153542,1.0,2.8001136,0.0482933184,1.0,3.5805872959999996,0.14518079679999998,1.0,3.974632736,0.1777938912,1.0,11.02368942,0.3533947038,1.14,9.569888520000001,0.33175733160000004,1.15,6.02871296,0.148871232,1.23,6.642098281,0.1404389623,1.18,7.981020044999999,0.2081343985,1.19,15.139007849999999,0.311844342,1.22,7.597155,0.4030845,1.09,12.81668,0.8519646,1.06,7.879,0.109419,1.83,8.40004,0.28533,0.95,9.27106,0.102355,1.86,2.764963113,0.1127229132,0.73,3.279647475,0.1167145668,0.81,7.266954843000001,0.20742537870000002,1.1,10.363227000000002,0.30657165000000003,1.1,15.069756600000002,0.2686399704,1.1,5.47715044,0.138585224,1.09,37.694757440000004,0.164404476,1.09,54.781730874,0.17170912044,1.11,56.178855512000005,5.3431588094,0.91,57.318037692,6.342845621999999,0.94,1.0,0.73,1.14,1.09,0.95,0.87,0.87,0,0,1,70.06212,1,-99.0,1.769,349.6,10.76,1,1
6610,4650.981,1749.655,150.052475,2.2456067,2,511.0,16.10774,0.08319548,1.063079,3.08852,15.84242,0.07845166,1.646582,26.08584,0.1291771,46.79717,4.198,5.336,4.042,10.821,49.74909,0.4090034,1.06,0.5402107239,0.03389784387,1.0,0.6799011960000001,0.0461094192,1.0,2.1389896,0.055126157679999996,1.0,0.171788415,0.132016185,1.0,0.8504655600000001,0.114770334,1.0,0.7380836221999999,0.13600798949999998,1.0,0.39538917879999996,0.10794264249999999,1.0,1.719513411,0.11371830799999999,1.0,1.5449909590000002,0.1400712989,1.0,2.1339878489999995,0.16601532289999998,1.0,1.4689210430000001,0.04816163126,1.0,0.26105780300000003,0.06738819092000001,1.0,1.040746056,0.058649355599999994,1.0,1.42414272,0.0535374096,1.0,3.085474288,0.16084442399999999,1.0,3.530335264,0.19644374720000002,1.0,31.687505910000002,0.40428729659999996,1.06,25.967505720000002,0.377188638,1.09,5.5545624,0.16866744,1.19,7.1061359589999995,0.15811300050000002,1.14,11.788705100000001,0.23680417150000002,1.13,49.52349345,0.3536315485,1.16,8.407778,0.4677039,0.99,42.90005,0.9951575,0.95,-99.0,-99.0,0.0,-99.0,-99.0,0.0,-99.0,-99.0,0.0,-99.0,-99.0,0.0,-99.0,-99.0,0.0,10.17749241,0.2325582648,1.08,29.217573,0.3392387775,1.11,49.35653964,0.3182627232,0.99,5.134279139999999,0.157309636,1.04,105.0558168,0.2567922784,0.49,132.16137948,0.23191125515999997,0.7,146.89410462,5.9819686929,0.85,121.69680043999998,6.978364169999999,0.93,1.0,0.0,1.06,0.99,0.0,0.82,0.82,0,0,1,201.9387,1,-99.0,2.3883,339.7,11.180000000000001,0,1
6718,1885.339,1785.745,150.1677856,2.2470977,2,495.0,27.3753,0.07630753,1.081936,2.685986,27.9163,0.07195646,1.646582,45.96646,0.1184822,67.96117,3.517,4.168,3.658,9.098,73.52966,0.3091745,1.25,3.281088126,0.029451265680000005,1.0,3.95212584,0.040129557,1.0,14.75240712,0.047900584600000004,1.0,2.9510209000000005,0.11510545600000001,1.0,4.2415317,0.0993901209,1.0,5.101699998,0.11760268659999999,1.0,4.934917141,0.09420425783999999,1.0,6.905791772000001,0.09837595658,1.0,12.29830283,0.1219356696,1.0,13.71426084,0.1449226933,1.0,7.001962345,0.04201637396,1.0,2.562936936,0.05891669081,1.0,5.530969121999999,0.05096209878,1.0,7.304408639999999,0.0466390416,1.0,20.40206896,0.13951745599999998,1.0,20.80409952,0.1719506624,1.0,55.61581182,0.3243607473,1.25,46.5697806,0.3102599544,1.22,26.845856,0.141616624,1.28,30.53943984,0.1311363794,1.25,42.16120970000001,0.195145232,1.26,72.79753155,0.29140900049999996,1.28,37.66602,0.3709953,1.19,64.06062,0.7866073,1.15,36.3671,0.14402,0.98,41.2424,0.189274,1.99,44.8572,0.136039,0.98,6.404770026,0.08282832326999999,1.25,16.56618912,0.08632719692999999,1.37,39.4662123,0.1945903392,1.14,50.9453175,0.28858273500000003,1.14,72.43428636,0.250830126,1.15,25.12180916,0.1296757688,1.14,93.21584816000001,0.147180596,1.2,66.197429883,0.17122731093,1.08,75.28367275500001,4.649660324000001,1.16,47.81979415599999,5.3892061691999995,1.21,1.0,1.25,1.22,1.14,0.98,1.11,1.11,0,0,1,387.961,1,-99.0,0.8666,310.8,10.19,0,1
6789,1521.067,1805.636,150.1829834,2.2479241,2,404.0,53.37085,0.07661215,1.123814,2.048039,66.34224,0.07224371,1.646582,109.2379,0.1189552,97.26304,2.204,3.034,2.944,6.964,109.3056,0.2305593,1.25,3.3265507590000003,0.022522372680000003,1.0,3.53854566,0.030551718600000003,1.0,4.998862836,0.03646085256,1.0,10.997420450000002,0.0882058795,1.0,2.38395696,0.0758103255,1.0,2.042888247,0.08957412904,1.0,3.06617234,0.07213838709,1.0,2.676689268,0.07479804673,1.0,3.944050722,0.09275917625,1.0,4.6229768899999995,0.11077580849999999,1.0,3.370241533,0.03194075533,1.0,1.4253723770000002,0.04480286155,1.0,3.4456007219999996,0.038849723759999996,1.0,3.5972928,0.0355407312,1.0,9.29084832,0.1065248288,1.0,10.711464,0.1309790496,1.0,82.94119248,0.24589001789999998,1.26,53.339712,0.2356013568,1.23,21.3955792,0.10653820800000001,1.31,28.96850008,0.09891298949999999,1.27,36.75784705,0.148423021,1.26,108.7065585,0.22184719099999997,1.28,42.46209,0.2828804,1.19,66.84172,0.5971898,1.16,34.6648,0.108798,1.0,41.8406,0.187509,1.18,52.5705,0.101786,1.02,3.486820887,0.06309998664,1.25,6.669631332,0.07407152649,1.08,34.61929731,0.1491083217,1.14,68.39189175,0.22183203,1.13,105.0442848,0.19053754200000003,1.16,19.86838756,0.0986476884,1.15,123.4641464,0.13557818800000002,1.21,168.37060850999998,0.15589260647999997,0.95,273.64364913000003,5.0539386396,0.79,519.3316474799999,5.5168565545999995,0.93,1.0,1.08,1.23,1.13,1.0,0.75,0.75,0,0,1,918.3116,1,-99.0,1.5074,728.4000000000001,10.74,1,1
6797,4353.089,1823.243,150.0648956,2.2486718,0,141.0,3.889026,0.07692045,1.132917,2.293343,4.197961,0.07253443,1.646582,6.912285,0.1194339,7.872484,2.846,3.099,2.645,6.671,8.918871,0.2212639,1.24,0.3113729631,0.025091567910000005,1.0,0.434446272,0.0344001528,1.0,0.931389272,0.04099264136,1.0,0.24528136500000003,0.09788516250000001,1.0,0.283079307,0.0857818038,1.0,0.4840692879,0.10085659158999999,1.0,0.429513084,0.07996732744,1.0,0.7816199622,0.08442111282,1.0,0.8977871581,0.10367026110000001,1.0,0.8078009177,0.12285058939999999,1.0,0.8125118465000001,0.03586524446,1.0,0.1950069887,0.05010544689,1.0,0.6114294558,0.04353360282,1.0,0.742739184,0.0396703584,1.0,1.233619088,0.11948557919999998,1.0,1.481535808,0.14585096320000002,1.0,7.1116365660000005,0.2883658185,1.14,6.77857266,0.2760207324,1.11,2.24317008,0.12480990399999999,1.19,2.734086199,0.1164624266,1.16,3.46133037,0.17488521950000002,1.15,9.03059598,0.258906268,1.19,2.737962,0.3388367,1.04,8.313799,0.7131355,1.02,3.38522,0.120963,1.0,4.5302,0.229236,1.0,6.13394,0.114337,0.99,0.6898407236999999,0.08661197195999999,0.81,0.9379612125,0.1008730125,0.72,2.971328166,0.17059414950000001,1.1,6.527889375,0.2532662475,1.1,8.635939416000001,0.22176553680000002,1.11,2.038711332,0.11285593480000002,1.11,17.6961612,0.1906251216,0.53,23.427323594999997,0.17638913915999999,0.9,32.195674863,4.9678051204,0.92,49.10101401399999,5.5689683988,1.08,1.0,0.72,1.11,1.1,0.99,0.88,0.88,0,0,1,57.87543,1,-99.0,2.5563,103.9,9.77,1,1
6807,4888.418,1845.435,150.042572,2.249598,0,106.0,2.435404,0.09183179,1.158648,2.244078,2.632715,0.08659552,1.646582,4.33498,0.1425866,4.716907,2.769,2.96,2.246,6.008,5.465237,0.2372756,0.87,-0.036275327760000003,0.024783657,1.0,-0.0470098512,0.0332745114,1.0,0.060062754399999994,0.03989335152,1.0,-0.055042231000000004,0.09614188900000001,1.0,0.133666848,0.0827972943,1.0,-0.10127061106999999,0.09885848349999998,1.0,-0.1182184234,0.07858456452,1.0,-0.002731253613,0.08272265353000001,1.0,-0.11924782069999999,0.10188376930000001,1.0,-0.03741784277,0.12108814339999999,1.0,-0.01287000287,0.03490249727,1.0,0.0439407787,0.04888065618,1.0,0.0506698863,0.042609443579999996,1.0,0.033232003200000006,0.0389785152,1.0,0.05101997472,0.1164651904,1.0,-0.094225536,0.1428641248,1.0,2.596868454,0.4355190465,0.49,2.2472847959999998,0.37769389200000003,0.58,0.0634290688,0.141795232,0.89,0.2596909081,0.1347015163,0.83,0.9780020100000001,0.2068876285,0.77,5.12988409,0.2960653845,0.88,0.4877952,0.6389945,0.28,2.428468,1.438585,0.24,-99.0,-99.0,0.0,-99.0,-99.0,0.0,-99.0,-99.0,0.0,-99.0,-99.0,0.0,-99.0,-99.0,0.0,0.6239585223,0.1820640204,0.93,1.9289355750000001,0.2613360225,0.98,5.580250056000001,0.2667080124,0.75,-0.01221415796,0.1297079056,0.81,17.80119176,0.23167287120000002,0.37,23.673695174999995,0.21671327339999996,0.58,30.997267100000002,4.5317908145,1.05,30.603133338,5.3273704745999995,1.2,1.0,0.0,0.49,0.75,0.0,1.01,0.87,0,0,1,30.40244,1,-99.0,2.2719,114.4,12.239999999999998,0,1
6817,952.315,1779.971,150.2066956,2.2468507,0,787.0,31.31338,0.07630753,1.056702,3.790227,28.38314,0.07195646,1.646582,46.73516,0.1184822,112.3162,5.091,6.905,3.584,11.591,118.6848,0.4060616,1.26,1.8331768620000002,0.04175609409,1.0,2.4457173,0.056577651,1.0,13.12434728,0.06735398692,1.0,1.7914253000000002,0.16407521000000003,1.0,2.28472188,0.140400498,1.0,2.464009521,0.16593805779999998,1.0,2.679076785,0.1339501471,1.0,5.884311158,0.13809940099999998,1.0,10.72584532,0.17146975409999998,1.0,11.868655749999999,0.20434042019999998,1.0,6.4276318240000005,0.058943871290000005,1.0,1.1593431675,0.08272954175,1.0,3.33137136,0.07175903616,1.0,6.32496624,0.06572109120000001,1.0,18.147107679999998,0.1973556208,1.0,18.292176,0.24300274240000003,1.0,77.82332115,0.4576919304,1.25,60.771951120000004,0.4367689452,1.23,28.840311999999997,0.198531088,1.29,33.34325436,0.1834466257,1.27,39.36775225,0.27562324600000004,1.26,117.43929949999999,0.4122991575,1.27,37.08479,0.52133,1.2,104.3138,1.109991,1.15,-99.0,-99.0,0.0,-99.0,-99.0,0.0,-99.0,-99.0,0.0,5.098106573999999,0.1295550297,1.01,14.53668723,0.1409299164,1.02,36.87966153,0.2758159827,1.16,68.78610375000001,0.406950075,1.16,115.685064,0.3566917404,1.14,24.60705324,0.182078602,1.16,170.5683928,0.20080057280000002,0.94,136.10415779999997,0.27891772388999997,0.49,158.77801299,5.4788821345,1.17,128.62985501999998,6.772756969599999,1.2,1.0,1.01,1.23,1.14,0.0,1.12,1.12,0,0,1,394.4488,1,-99.0,0.7125,419.20000000000005,12.13,0,1
6823,963.057,1835.736,150.2062378,2.2491744,0,317.0,6.911028,0.07570903,1.083904,2.764426,7.015962,0.07139208,1.646582,11.55235,0.1175529,17.62612,3.642,4.607,3.205,8.953,19.10503,0.3000634,1.28,0.2787461343,0.030464272230000002,1.0,0.35243902200000005,0.041258443199999995,1.0,0.6915962152,0.049132020959999995,1.0,0.10455580150000002,0.11966722450000002,1.0,0.241456446,0.10240379100000001,1.0,0.3580307925,0.1210294641,1.0,0.5310524834999999,0.09765093260999999,1.0,0.22041490130000002,0.1007391088,1.0,0.7530488774999999,0.1251324963,1.0,0.8003621800999999,0.14912217669999997,1.0,0.4230675425,0.04299536757,1.0,0.154318416,0.060331896940000004,1.0,0.5160410898000001,0.05233436064,1.0,0.5045959200000001,0.0479079984,1.0,1.243502208,0.1439277424,1.0,1.022788064,0.17715511679999998,1.0,11.763529140000001,0.3322314858,1.26,9.85415292,0.317360898,1.24,2.1145235199999997,0.143709168,1.31,3.05890871,0.1343557241,1.26,5.854426225,0.2011326965,1.26,18.6594888,0.29963042849999993,1.28,4.019227,0.3834442,1.18,15.40758,0.8026297,1.17,-99.0,-99.0,0.0,-99.0,-99.0,0.0,-99.0,-99.0,0.0,0.6201993006,0.09401495703,1.02,0.9592166493,0.1023180093,1.03,5.4271588500000005,0.2011272876,1.16,10.891702500000001,0.293023605,1.19,18.50041044,0.255676968,1.18,1.6765012400000001,0.13220985000000002,1.17,33.50227536,0.1681052784,0.95,40.006746,0.23168675087999996,0.49,40.582100249999996,4.771850762000001,1.13,29.546737867999997,5.626975247999999,1.16,1.0,1.02,1.24,1.16,0.0,1.08,1.08,0,0,1,98.27366,1,-99.0,2.0343,65.08,10.98,0,1
6855,875.004,1844.828,150.2099152,2.2495525,0,208.0,12.07208,0.0751244,1.126561,2.255742,13.41574,0.07084079,1.646582,22.09011,0.1166451,24.17223,2.745,2.99,2.909,6.872,27.23149,0.2229336,1.3,2.120109621,0.02484397068,1.0,2.6717886,0.033682544999999994,1.0,5.831082444,0.040085455959999995,1.0,2.10950915,0.09762897950000002,1.0,2.73684474,0.083509503,1.0,3.1611617699999996,0.09886193726,1.0,3.3559533699999995,0.07963260767,1.0,4.67910553,0.08225477303999999,1.0,5.712434268,0.1021676613,1.0,6.066845582,0.12150950979999998,1.0,4.398023338,0.03510293503,1.0,1.872165899,0.04924001253,1.0,3.2978451959999995,0.042682496699999996,1.0,4.752094560000001,0.039066979200000004,1.0,6.843787808,0.11740252159999999,1.0,7.108422912,0.1446483168,1.0,19.549207409999998,0.27125193299999995,1.26,17.36354952,0.25997443200000003,1.23,9.469727840000001,0.117654848,1.3,11.05366301,0.109813171,1.26,13.228427600000002,0.16375631300000001,1.27,26.590903299999997,0.2445480735,1.28,12.8647,0.311569,1.19,25.2634,0.6577544,1.16,-99.0,-99.0,0.0,-99.0,-99.0,0.0,-99.0,-99.0,0.0,4.138193856,0.07594801169999998,1.04,6.587039277,0.08427332043,1.01,12.62318346,0.16148830500000003,1.2,18.468912,0.23416013250000003,1.24,26.297192520000003,0.2068637976,1.2,8.225659712,0.1069739552,1.19,56.6276844,0.16428982479999998,0.87,72.80664428699998,0.23608843010999997,0.4,81.763027994,4.4976118184,1.11,58.883973074,4.982966835399999,1.2,1.0,1.01,1.23,1.19,0.0,1.06,1.06,0,0,1,189.3787,1,-99.0,2.8629,292.8,10.030000000000001,0,1
6892,1042.836,1863.196,150.2029114,2.250319,3,85.0,1.307583,0.07661215,1.146839,2.240215,1.329432,0.07224371,1.646582,2.189018,0.1189552,2.55421,2.906,3.179,2.29,6.287,2.929268,0.2072723,1.25,0.1497203337,0.024697973280000004,1.0,0.14437433400000002,0.0334205274,1.0,0.16460564119999999,0.03982456544,1.0,0.083693034,0.09696153,1.0,0.19159738499999998,0.0830070948,1.0,0.295372031,0.09801382332,1.0,0.1346906869,0.07913184663999999,1.0,0.06636747964,0.08162385088,1.0,0.14261821570000002,0.1014072363,1.0,0.2105646907,0.12100103399999998,1.0,0.1277418814,0.034838588159999996,1.0,-0.009358992371,0.048889469410000004,1.0,0.1645409712,0.042426531239999996,1.0,0.12019977600000001,0.038826849600000005,1.0,0.11864305439999999,0.1166449648,1.0,0.3223420576,0.1434481952,1.0,1.8207835709999998,0.26901437370000003,1.26,1.200681828,0.25720734,1.24,0.524152992,0.11694431999999999,1.3,0.2953258568,0.1083536961,1.27,0.654789751,0.162843994,1.26,2.801156525,0.24281001349999998,1.28,0.1210409,0.3094243,1.19,1.905196,0.6532267,1.16,-99.0,-99.0,0.0,-99.0,-99.0,0.0,-99.0,-99.0,0.0,0.09634090484999999,0.07735344522,0.99,0.0984093318,0.08376407559,1.01,0.683405667,0.16282798290000003,1.16,1.418474925,0.24152567250000004,1.15,3.10522302,0.206288568,1.19,0.33159979,0.10666582000000001,1.18,12.1577956,0.1661616576,0.95,20.366880417,0.21563813115,0.52,44.410202013,4.853620193599999,1.02,40.276767812,5.788408506,1.08,1.0,0.99,1.24,1.15,0.0,0.98,0.98,0,0,1,18.40204,1,-99.0,2.9301,72.76,10.44,0,1
7053,4752.231,1890.647,150.0482483,2.2514813,0,151.0,3.541072,0.08319548,1.121975,2.397984,3.474066,0.07845166,1.646582,5.720333,0.1291771,7.568294,3.183,3.292,2.765,7.03,8.491434,0.2529043,1.06,0.03891943641,0.026398842990000004,1.0,0.058534164,0.035670492,1.0,0.0212988556,0.04271063808,1.0,0.161750765,0.102574179,1.0,0.10541312039999999,0.0888603618,1.0,0.09190261085999998,0.1056483598,1.0,0.02029258385,0.08382098262999998,1.0,0.137027154,0.08835225091,1.0,0.273266328,0.1088837349,1.0,0.1826755021,0.1290900534,1.0,0.049311995239999996,0.03734278785,1.0,0.02749566391,0.05233705603,1.0,-0.0949979418,0.045512000579999996,1.0,0.0685751952,0.0415734288,1.0,0.18611748479999998,0.12468740960000001,1.0,-0.12931604800000002,0.1526628736,1.0,4.137409119,0.36688116330000003,0.78,2.539028844,0.3266027964,0.88,0.210082048,0.13888382400000002,1.06,0.3122764359,0.1310088806,1.0,1.3407131300000001,0.19872524300000002,0.96,7.833375789999999,0.286406015,1.07,0.3033162,0.4447464,0.66,5.723648,0.9642386,0.61,-99.0,-99.0,0.0,-99.0,-99.0,0.0,-99.0,-99.0,0.0,0.6522183806999999,0.15136218599999998,0.29,0.848022786,0.2231655777,0.16,1.022819058,0.1856355507,1.02,3.3370165500000004,0.26809109249999996,1.07,8.610557652,0.2570821164,0.92,-99.0,-99.0,0.96,32.682697440000005,0.2059500256,0.46,49.056465626999994,0.20022605811,0.65,73.507806271,4.9051732367,0.92,58.90771170399999,5.535276462599999,1.13,1.0,0.16,0.78,0.92,0.0,0.88,0.88,0,0,1,44.28289,1,-99.0,2.497,135.1,10.77,0,1
7090,3357.212,1893.594,150.1064148,2.2515991,3,255.0,6.404979,0.07630753,1.092395,2.836928,5.767829,0.07195646,1.646582,9.497202,0.1184822,16.6336,3.855,3.982,3.266,8.403,18.17047,0.2817451,1.26,0.10859238744000001,0.03114615189,1.0,0.115090014,0.042623794199999995,1.0,0.3514131852,0.05068255852,1.0,-0.072601732,0.12158450000000001,1.0,-0.0011687279099999999,0.1060663401,1.0,-0.08534996469999999,0.12398998399999998,1.0,0.2482221896,0.09886364564999998,1.0,0.07333518115,0.10447794390000001,1.0,0.44885657170000004,0.127944041,1.0,0.09888223540999999,0.1522824247,1.0,0.15515918320000002,0.04441193795,1.0,0.1457869611,0.061904872300000004,1.0,0.08109269039999999,0.053576543219999995,1.0,0.132658608,0.049097155200000006,1.0,0.34503894879999997,0.1473729712,1.0,0.46762073280000005,0.180973456,1.0,9.539286567000001,0.3542908914,1.18,5.978316432000001,0.33974128919999996,1.14,1.30820112,0.150761744,1.25,1.871894882,0.140905492,1.21,2.92981055,0.21035978400000002,1.2,17.932434049999998,0.316021749,1.23,2.390462,0.4113151,1.08,14.69173,0.8653636,1.06,2.56289,0.148924,1.02,4.04049,0.286291,0.98,5.94566,0.139551,1.03,0.13401450029999998,0.07474139709,1.72,0.5079086064,0.08091787859999999,1.74,2.610304326,0.2052615015,1.15,7.1355165000000005,0.30360608250000004,1.15,17.580043080000003,0.2632053096,1.18,0.9212618648,0.1361343204,1.16,65.19117536,0.1556774656,1.2,93.724518186,0.16798449446999997,1.1,115.12418926,5.3480327766,0.9,61.88220962599999,6.086828991399999,1.07,1.0,1.72,1.14,1.15,0.98,0.87,0.87,0,0,1,80.15722,1,-99.0,2.1262,613.8000000000001,14.0,0,1
7136,923.51,1913.493,150.207901,2.2524137,0,266.0,11.98127,0.07483711,1.101401,2.308358,13.27851,0.07056988,1.646582,21.86415,0.1161991,25.11081,2.881,3.955,2.91,7.905,27.65707,0.258272,1.31,0.42172665360000006,0.0254394486,1.0,0.545025,0.0344519682,1.0,1.248393784,0.041029425359999996,1.0,0.369675925,0.099921251,1.0,0.489537468,0.08548596839999999,1.0,0.5517932043,0.10111292533999999,1.0,0.6847545782,0.08146043289999999,1.0,0.9222697076999999,0.08415886325000001,1.0,0.9120010222,0.1046060908,1.0,0.9716850989999999,0.12451377119999998,1.0,0.8725864098999999,0.03591564751,1.0,0.26854656590000003,0.050377167460000004,1.0,0.700336221,0.04368856116,1.0,0.824099616,0.039962472000000006,1.0,1.9316893439999998,0.12014475200000001,1.0,1.7303380160000001,0.147898576,1.0,15.626737829999998,0.2772420354,1.26,14.44346472,0.2661611964,1.23,3.07608848,0.120918592,1.29,4.69272856,0.11188212880000001,1.27,8.66012379,0.167563909,1.27,27.515106599999996,0.251367938,1.27,5.405536,0.3215499,1.17,22.53226,0.6702139,1.17,-99.0,-99.0,0.0,-99.0,-99.0,0.0,-99.0,-99.0,0.0,0.7705049757,0.0784771425,1.02,1.392081561,0.08630136566999999,1.01,7.87908096,0.1651504689,1.2,15.11661375,0.24257604000000002,1.21,26.25835968,0.21168642960000003,1.2,2.695606428,0.1085448776,1.21,49.133122,0.1554165136,0.94,61.359081497999995,0.21544549064999996,0.48,82.873160342,4.6678564013,1.04,54.018632472,4.919305011,1.18,1.0,1.01,1.23,1.2,0.0,1.0,1.0,0,0,1,188.1612,1,-99.0,2.1284,230.9,10.9,0,1
7262,1506.183,1914.01,150.1835938,2.2524395,2,490.0,37.74328,0.07692045,1.089866,2.51703,39.56518,0.07224371,1.646582,65.1473,0.1189552,87.16755,3.245,3.972,3.396,8.557,95.00098,0.2898363,1.24,1.0851041349000001,0.027702886980000004,1.0,1.59484962,0.0375421332,1.0,10.15063676,0.044814406999999994,1.0,0.879713865,0.10842710500000001,1.0,1.44604299,0.0931751289,1.0,1.632926935,0.1100648554,1.0,2.1302439619999998,0.08864525131,1.0,5.1240479510000005,0.09195510103999999,1.0,8.465527633,0.114124584,1.0,9.351021896999999,0.1362198565,1.0,5.523753439,0.03926260577,1.0,0.5591113112,0.055056744330000004,1.0,2.7545685239999997,0.04773043002,1.0,5.4794328,0.043630171200000005,1.0,15.58483056,0.1308981232,1.0,15.681869440000002,0.16086594880000002,1.0,68.28503358,0.3020617764,1.26,59.08440276,0.28853119920000003,1.24,23.198836800000002,0.131429136,1.3,28.12729777,0.1211876094,1.28,36.517992250000006,0.1826547735,1.26,94.3188574,0.27180024799999997,1.29,36.48308,0.3506175,1.17,82.55408,0.727697,1.18,33.7478,0.134261,0.99,44.1485,0.228274,1.21,54.9355,0.12572,1.01,4.2157829609999995,0.08192171309999999,1.12,11.39770359,0.09278035065,1.04,34.78555332,0.180842355,1.17,63.45745875000001,0.2678137875,1.17,93.57997824,0.2312142156,1.19,21.2759794,0.1191197752,1.19,100.50989672,0.14513175600000003,1.23,91.74752683199999,0.16956456308999998,0.93,88.912112095,5.0499067767,0.91,105.699110342,5.965236450599999,0.91,1.0,1.04,1.24,1.17,0.99,0.87,0.87,0,0,1,547.6627,1,-99.0,0.5277,124.8,11.2,0,1
7328,2175.195,1902.315,150.1557007,2.2519562,3,635.0,44.01281,0.07483711,1.076165,2.712942,45.68998,0.07056988,1.646582,75.23229,0.1161991,110.9534,3.509,4.991,3.368,9.553,119.4042,0.3191316,1.31,2.6761921770000003,0.02974254246,1.0,3.45588438,0.040597112399999996,1.0,17.85348224,0.04844434408,1.0,2.2051018,0.11601209800000001,1.0,3.50000658,0.1005379578,1.0,3.7907174599999998,0.11870573119999998,1.0,4.3646171030000005,0.09490154674,1.0,10.4759534,0.09958929926,1.0,15.62693653,0.1234149497,1.0,17.073239819999998,0.1461553926,1.0,10.01366692,0.04250748562,1.0,1.737757935,0.05955906356000001,1.0,5.5100781659999996,0.05142352614,1.0,10.0962048,0.0470835504,1.0,25.3844136,0.1408125472,1.0,26.58050528,0.1737803008,1.0,89.4887934,0.328466334,1.25,79.50072528000001,0.31287972,1.23,39.818067199999994,0.143454432,1.28,41.8650037,0.1333946536,1.24,51.3766211,0.19846401500000002,1.25,119.3693545,0.2975144415,1.26,53.35751,0.3747185,1.19,110.1134,0.7843369,1.18,48.401,0.143789,1.0,61.3136,0.27385,0.97,73.9564,0.114255,1.41,8.133550686,0.09447582312,0.98,20.29608711,0.1005836247,1.03,48.87143091,0.194191929,1.16,84.60884775,0.28689197250000004,1.17,118.2087144,0.24930489600000003,1.19,38.10252432,0.1284281048,1.18,111.46905280000001,0.14166916400000001,1.14,95.86873190699998,0.15886312299,1.12,91.415871856,4.9275035543,1.05,124.89014843999999,5.918341818,1.02,1.0,0.98,1.23,1.16,0.97,1.0,1.0,0,0,1,647.4431,1,0.533,0.5435,243.29999999999998,11.350000000000001,0,1
7425,4698.401,1973.715,150.0504913,2.2549422,2,554.0,8.139429,0.08093636,1.051995,3.550341,7.402317,0.07632135,1.646582,12.18852,0.1256693,27.46946,4.886,6.574,4.198,12.24,28.89775,0.4587413,1.12,0.15089190300000002,0.039050714400000006,1.0,0.128751636,0.052860833999999995,1.0,0.6563323139999999,0.06324981212,1.0,0.19809236000000002,0.15177457000000003,1.0,0.39242265299999995,0.131785878,1.0,0.3861346852,0.1563938079,1.0,0.12567445659999998,0.12399716559999999,1.0,-0.02321524986,0.1307690395,1.0,0.5422195254,0.1612090861,1.0,0.2225898395,0.19095190799999998,1.0,0.2157387558,0.05531661335,1.0,0.04676436381,0.07759589734000001,1.0,0.19911913739999998,0.06736923318,1.0,0.40676476800000005,0.06149178240000001,1.0,1.682205408,0.18464709119999997,1.0,1.419434144,0.22607059200000001,1.0,19.89303696,0.505007532,0.9,15.728793120000002,0.45760146479999997,0.98,3.72214192,0.20189048,1.1,6.020985945,0.1875092011,1.07,8.860586595000001,0.285753747,1.02,28.17506415,0.42009718599999996,1.09,8.109432,0.594382,0.81,24.49123,1.296156,0.74,-99.0,-99.0,0.0,-99.0,-99.0,0.0,-99.0,-99.0,0.0,0.21095102459999998,0.1671530151,0.52,0.8880330770999999,0.1817287407,0.53,8.286979365,0.268001667,1.07,16.8072765,0.39181401,1.1,27.945021960000002,0.3667321116,0.99,3.158045528,0.18174589160000001,1.03,66.03972,0.27065155440000005,0.43,85.43327106599999,0.25004080880999996,0.7,78.01876529200001,6.5047709304,0.83,59.743226887999995,7.344204479399999,0.99,1.0,0.52,0.9,0.99,0.0,0.8,0.8,0,0,1,96.98882,1,-99.0,1.6587,61.260000000000005,9.937,0,1
7496,376.012,1987.206,150.2307281,2.2554808,0,379.0,12.53873,0.1165617,1.081601,2.673455,12.36376,0.1099153,1.646582,20.35795,0.1809845,30.99268,3.629,4.437,3.456,9.124,33.52172,0.4719234,0.54,0.17480675580000002,0.029270204970000005,1.0,0.252964608,0.0400439754,1.0,0.6869172904,0.04756364316,1.0,0.025366696,0.11514401600000002,1.0,0.249529035,0.09817105200000001,1.0,0.14623219839999999,0.11816931909999999,1.0,0.34184983909999994,0.09376288767999999,1.0,0.4504409437,0.09847055482,1.0,0.5725523717,0.1217318757,1.0,0.6194906528999999,0.1430690863,1.0,0.5865515479,0.04192564847,1.0,0.1358962827,0.05862908160000001,1.0,0.3877238436,0.05061975545999999,1.0,0.446598192,0.0461164656,1.0,1.355042832,0.1385076784,1.0,1.52136032,0.1710333184,1.0,19.582281000000002,0.5024906415,0.52,13.67510088,0.5146573908000001,0.44,3.5190656,0.31233268799999997,0.26,4.043769327000001,0.2825527952,0.28,7.395315205,0.38956615,0.32,32.4768637,0.6659184895,0.24,4.761926,0.5431623,0.55,23.10656,0.9894863,0.72,-99.0,-99.0,0.0,-99.0,-99.0,0.0,-99.0,-99.0,0.0,-99.0,-99.0,0.0,-99.0,-99.0,0.0,6.309467505,0.21393400410000002,0.96,16.526181,0.30139362750000004,1.04,33.73750656,0.3066980904,0.76,2.850779912,0.14950701000000002,0.85,59.84883816,0.2203684096,0.67,92.44948798799999,0.33353526257999994,0.24,146.78440021,5.0063201005,0.98,198.57633631999997,6.2553891254,1.0,1.0,0.0,0.26,0.76,0.0,0.94,0.54,0,0,1,112.4845,1,-99.0,2.3682,296.8,9.915999999999999,0,1
7647,5024.167,2042.485,150.036911,2.2578084,0,221.0,4.135954,0.1079151,1.087253,2.70241,3.903337,0.1017618,1.646582,6.427162,0.1675591,10.28008,3.736,4.153,3.378,8.727,11.17704,0.4156366,0.63,0.29272119690000004,0.029968599090000003,1.0,0.284865048,0.0398589204,1.0,0.3932457892,0.04788522728,1.0,0.12305460000000001,0.1159206385,1.0,0.221394621,0.0993951294,1.0,0.070381153,0.11890108449999999,1.0,0.1245857998,0.09473603292999999,1.0,0.37813542029999997,0.09958679401,1.0,0.3912173706,0.1225794961,1.0,0.7299980428999999,0.1460449865,1.0,0.3096401273,0.04198936184,1.0,0.1923667436,0.058906388020000006,1.0,0.3920623044,0.0513864405,1.0,0.350935776,0.0469969104,1.0,0.2373370896,0.1398278128,1.0,0.20561297920000002,0.1723075008,1.0,9.490519995,0.8722960533,0.18,3.063388056,0.7576713432000001,0.21,0.640794752,0.204805792,0.62,0.9555271998999999,0.2019223609,0.54,2.558302775,0.32809544150000003,0.44,10.150573549999999,0.43355704599999995,0.6,-1.359285,4.071827,0.01,-99.0,-99.0,0.0,-99.0,-99.0,0.0,-99.0,-99.0,0.0,-99.0,-99.0,0.0,-99.0,-99.0,0.0,-99.0,-99.0,0.0,1.593480303,0.2338979427,0.81,5.97428685,0.33451661250000003,0.86,10.766090160000001,0.3595950036,0.6,0.5429200444000001,0.1728846416,0.66,22.2627688,0.2843170552,0.27,28.562296697999997,0.26719112393999994,0.46,45.788171706,5.9073546386,0.79,68.42636306,6.2717026926,1.07,1.0,0.0,0.18,0.6,0.0,0.75,0.63,0,0,1,38.35758,1,-99.0,2.6974,121.89999999999999,11.5,1,1
7689,2613.074,2059.032,150.1374512,2.2584884,3,199.0,13.49329,0.0828058,1.121571,2.29403,11.9882,0.0780842,1.646582,19.73954,0.128572,27.59879,3.303,3.107,2.944,7.047,30.95401,0.2523931,1.07,2.450697996,0.02517449922,1.0,3.3971839200000002,0.0344110026,1.0,7.806723495999999,0.04099402076,1.0,2.34549635,0.09816219200000001,1.0,3.0351955200000003,0.0853378281,1.0,3.3168507949999997,0.10014468531,1.0,3.489050103,0.08008874643,1.0,5.290606992,0.08436449417,1.0,6.608225056999999,0.104299893,1.0,6.871564244999999,0.1234127489,1.0,5.802359968,0.03594951053,1.0,2.229536169,0.05029151776,1.0,3.968470974,0.043402591739999996,1.0,4.99463184,0.0397701312,1.0,11.3441224,0.11911440319999998,1.0,11.14598208,0.1469593504,1.0,23.62831584,0.4061310765,0.59,22.19000016,0.38308547160000006,0.59,13.9891056,0.142811248,0.93,15.340616979999998,0.1389089767,0.82,17.935479100000002,0.21521031300000001,0.76,30.8259088,0.305611578,0.86,17.15909,0.5607193,0.38,27.24271,1.16872,0.38,16.713,0.120951,1.01,20.1226,0.22952,0.99,22.7127,0.113069,1.02,4.513828644,0.07829334411,1.02,8.117220969,0.08500776335999999,1.03,16.74238617,0.1646208288,1.15,22.805443500000003,0.24311868,1.16,29.88947232,0.2122606908,1.18,13.0428148,0.10844846720000001,1.18,41.66861624,0.16211375760000002,1.2,36.715446611999994,0.18175933151999998,1.09,31.072474341000003,5.5856778219,0.9,37.836182871999995,6.994526529,0.92,1.0,1.02,0.59,1.15,0.99,0.86,0.86,0,0,1,153.5291,1,-99.0,0.9248,115.7,12.09,1,0
7841,688.334,2120.139,150.2176971,2.2610216,2,174.0,2.002175,0.08481108,1.101504,3.161241,1.607392,0.07997513,1.646582,2.646702,0.1316856,5.746103,4.299,4.226,2.719,7.898,6.329356,0.2924281,1.02,0.1368773493,0.03475061229,1.0,0.221394732,0.047215389,1.0,0.3221882972,0.05619050272,1.0,-0.031270714,0.13671086500000001,1.0,0.0679723569,0.11676483,1.0,0.3077505227,0.1389641922,1.0,0.01800366183,0.1109744251,1.0,0.2453822228,0.11565937570000001,1.0,0.21169522270000002,0.14391499380000003,1.0,0.29007734069999996,0.17008920669999997,1.0,0.2540636691,0.04933479895,1.0,-0.007423396042,0.06904209904,1.0,0.16811349239999998,0.059795935499999994,1.0,0.34360512,0.054524102399999996,1.0,0.3410248816,0.1641608592,1.0,0.4285275712,0.202619408,1.0,4.418214567,0.4007704392,1.13,3.01391094,0.38387310119999996,1.11,0.5616772640000001,0.19181425600000002,0.96,0.788589737,0.1730429168,1.01,1.4052780050000002,0.2515200155,1.07,6.012202165,0.4407164385,0.78,1.505075,0.4384849,1.18,4.030198,0.9217896,1.16,-99.0,-99.0,0.0,-99.0,-99.0,0.0,-99.0,-99.0,0.0,0.38324146349999993,0.15033510719999998,0.52,0.49610100149999997,0.1678167621,0.5,1.7807614200000002,0.2243889675,1.22,3.596097225,0.325805445,1.25,6.371607168,0.297061542,1.14,0.6015290608,0.15119891800000002,1.17,13.829701440000001,0.2445873752,0.68,24.656567832,0.29185754246999995,0.33,36.980583762,4.9209082416,1.1,45.76151218599999,5.605033140599999,1.15,1.0,0.5,0.96,1.14,0.0,1.05,1.02,0,0,1,20.09865,1,-99.0,2.9492,140.0,11.36,1,1
7959,4375.917,2122.805,150.0639343,2.261153,2,362.0,10.56468,0.07918807,1.088348,2.342481,11.96956,0.07467274,1.646582,19.70886,0.1229548,22.73864,2.855,3.824,3.606,8.652,24.74755,0.3020605,1.17,0.08837138853000001,0.025654495590000003,1.0,0.199546074,0.0351136032,1.0,0.6291976768,0.04180299288,1.0,0.021809174500000004,0.1000006605,1.0,0.303282483,0.08757373380000001,1.0,0.057862568159999996,0.10300925544,1.0,0.1530090254,0.08167046349,1.0,0.2988542788,0.0861976357,1.0,0.351711771,0.10603366200000001,1.0,0.45276326129999994,0.1254932455,1.0,0.37030093199999997,0.03662217104,1.0,0.11196948042,0.051343395380000004,1.0,0.1883605746,0.04443810108,1.0,0.340798896,0.0404619744,1.0,1.15037728,0.1219255024,1.0,1.2144540480000001,0.14900443840000002,1.0,18.075153389999997,0.3032343855,1.08,14.82415236,0.2859369324,1.08,2.5635713599999996,0.128269824,1.18,3.713151416,0.12110164429999999,1.12,7.768237965,0.180178055,1.13,24.4939137,0.26837566350000003,1.16,4.416067,0.3511992,1.01,22.66769,0.7431324,0.98,6.44688,0.123297,1.0,10.4595,0.231182,1.02,13.8526,0.116641,0.99,0.2444356203,0.1093493856,0.53,0.5501038724999999,0.12029501249999999,0.53,6.3884697930000005,0.172874151,1.11,15.73257,0.25740587249999997,1.11,24.797334600000003,0.224678484,1.13,2.233233492,0.11422742000000001,1.13,46.213865600000005,0.2015636216,0.51,53.499526118999995,0.17228495934,0.91,49.18366873200001,4.9352952774,0.85,34.912461298000004,5.970414538399999,0.91,1.0,0.53,1.08,1.11,0.99,0.81,0.81,0,0,1,160.2936,1,-99.0,2.1135,4.863,10.22,0,1
7967,2286.566,2152.1,150.151062,2.2623641,3,103.0,1.146459,0.07630753,1.093188,3.015134,1.045187,0.07195646,1.646582,1.720986,0.1184822,3.162062,4.175,3.747,2.5,8.356,3.456728,0.2799928,1.26,0.04005438669,0.033075710970000005,1.0,0.130799916,0.045170860800000004,1.0,0.11907440599999998,0.05383862572,1.0,0.051678232500000004,0.12905309,1.0,0.16500558899999998,0.111852048,1.0,-0.1082192524,0.13166272769999998,1.0,-0.08248569020999999,0.10541932169999998,1.0,0.05376988012,0.11082223899999999,1.0,0.1248496182,0.1373692554,1.0,0.10705340099999999,0.1624934696,1.0,0.16688792400000002,0.04729146909,1.0,0.06728814214,0.06616650346000001,1.0,0.07778125956,0.05711412192,1.0,0.139725696,0.052203609600000006,1.0,0.009424113920000001,0.1565173168,1.0,-0.23375187520000001,0.19306304,1.0,1.860113016,0.3660082533,1.25,1.39284834,0.347921682,1.23,0.302437024,0.160431952,1.27,0.08086611390000001,0.1503220511,1.21,0.671304506,0.221915165,1.24,3.6850206649999997,0.332789986,1.25,0.3682499,0.4200024,1.17,2.320986,0.8868646,1.14,0.705675,0.159627,1.0,0.996429,0.300853,0.99,1.58924,0.148996,1.02,0.14113605359999998,0.08630455875,1.45,0.18562673609999997,0.09649733300999999,1.38,0.5873198895,0.21616963290000002,1.15,1.302964425,0.31782744,1.17,2.867703552,0.27718222680000004,1.19,0.3414024592,0.14245865359999998,1.18,13.07708024,0.1656588272,1.26,20.312649513,0.17914264875,1.14,30.626048655,6.0059741858,0.89,45.77301669799999,6.612013136399999,0.97,1.0,1.38,1.21,1.15,0.99,0.85,0.85,0,0,1,14.52527,1,-99.0,2.8621,87.83,11.270000000000001,1,1
7989,3406.325,2109.292,150.1043701,2.2605863,3,619.0,48.15027,0.07541501,1.081625,2.471769,51.82101,0.07111483,1.646582,85.32751,0.1170964,110.0348,3.152,4.245,3.611,9.122,119.0164,0.3052705,1.29,7.369434171000001,0.02712164979,1.0,9.07173072,0.0371708064,1.0,33.29586524,0.04412893716,1.0,6.5529828000000006,0.10600734450000002,1.0,9.59230146,0.09246848519999999,1.0,9.833901641,0.10802174049999999,1.0,11.00482229,0.08615579279999999,1.0,20.530924589999998,0.09105301062,1.0,30.80451258,0.1115269722,1.0,32.6062639,0.1326058293,1.0,19.63007951,0.03870376807,1.0,5.147695926000001,0.05396104882,1.0,11.513600339999998,0.046675818779999996,1.0,20.6849808,0.0426988368,1.0,40.85762304,0.12849665919999997,1.0,42.20531424,0.157635888,1.0,98.85414779999999,0.3131729508,1.15,88.76944464,0.2979081468,1.12,60.7861584,0.13315470399999998,1.22,66.79826335,0.1248676884,1.17,66.22406860000001,0.1850295735,1.18,117.9425285,0.27905866949999997,1.2,69.4519,0.3600428,1.07,117.5015,0.7575591,1.05,62.8938,0.130454,1.01,72.7915,0.261171,0.89,83.3373,0.122165,1.02,16.71885366,0.08287845933,1.06,35.75677599,0.09244706912999999,1.01,63.916419690000005,0.1799001432,1.13,91.91334075,0.26515245750000005,1.14,116.2777248,0.2311880688,1.16,50.32084116000001,0.11852997040000002,1.16,110.703908,0.14178119520000002,1.18,84.90885155999999,0.15928807752,1.14,92.228005674,5.291295623000001,0.88,77.97037086799999,6.027596615599999,0.91,1.0,1.01,1.12,1.13,0.89,0.84,0.84,0,0,1,728.6948,1,0.643,0.6467,345.3,11.09,0,1
8006,3628.656,2129.18,150.095108,2.261416,0,249.0,15.45082,0.0772325,1.119993,2.263853,17.20858,0.07282869,1.646582,28.33533,0.1199184,31.2309,2.766,3.291,2.825,7.104,34.97839,0.237457,1.23,2.2306607670000003,0.024812976150000002,1.0,2.7006064800000003,0.034062490800000005,1.0,10.3620528,0.040408511439999996,1.0,1.8696539,0.09702587700000001,1.0,2.7702458699999997,0.08478177329999999,1.0,2.996255523,0.09907455935999998,1.0,3.4189203509999997,0.0788885867,1.0,5.2600229,0.0834087914,1.0,9.464229271999999,0.10202368750000002,1.0,9.791461203999999,0.12131199429999999,1.0,5.552742533,0.03546064988,1.0,1.5660985580000002,0.04943588967,1.0,3.360732378,0.04277809938,1.0,5.98657776,0.03906552,1.0,12.96871056,0.11772450559999999,1.0,13.517695040000001,0.1441568224,1.0,29.44015062,0.2873920389,1.14,26.910961320000002,0.2731459788,1.11,16.8956336,0.12311654400000001,1.19,19.81022264,0.11585101190000001,1.14,20.89517255,0.17180688500000002,1.15,34.8392106,0.25759564949999997,1.18,21.36523,0.326718,1.09,29.6296,0.6971636,1.04,20.5657,0.121322,0.98,22.247,0.246836,0.83,25.1838,0.11478,0.97,5.212150886999999,0.07688303906999999,1.03,11.610180269999999,0.08222682429,1.07,20.2622742,0.16495504019999999,1.13,28.12620825,0.2422518525,1.15,34.38585036,0.2118626784,1.16,16.100064200000002,0.1091904492,1.15,33.13695304,0.14371527920000002,1.04,23.592359231999996,0.15332205329999998,1.15,33.651712341999996,4.4624311297,1.11,27.468830553999997,5.3793427419999995,1.1,1.0,1.03,1.11,1.13,0.83,1.06,1.06,0,0,1,236.2884,1,0.684,0.6813,57.65,10.53,0,1
8045,734.034,2158.063,150.2157898,2.2626021,3,286.0,6.984262,0.07786817,1.090451,2.919361,6.439165,0.07342811,1.646582,10.60261,0.1209054,18.6983,3.922,4.505,2.969,8.521,20.38958,0.2920305,1.21,0.5741347755,0.03211535922,1.0,0.609674598,0.043578982200000005,1.0,2.0664515519999997,0.05189707424,1.0,0.47000302000000005,0.126302075,1.0,0.6431247899999999,0.10790100929999999,1.0,0.5998015475999999,0.12819169889999998,1.0,0.8084510973,0.10250938004999999,1.0,1.041502572,0.10671763740000001,1.0,1.664377684,0.13290708150000002,1.0,1.3369368389999998,0.1572517121,1.0,1.1334618310000002,0.04553225584,1.0,0.6050754089000001,0.06374783041,1.0,0.7871166185999999,0.05524278798,1.0,1.08520704,0.0503603664,1.0,4.042044032,0.1516580416,1.0,4.017663744,0.187041392,1.0,13.07308812,0.3603876828,1.19,11.53036848,0.34543791,1.17,6.302559039999999,0.16784662399999997,1.07,6.942184093,0.15088420489999999,1.13,8.45893865,0.2229630455,1.16,20.6174336,0.3476938505,1.07,7.824854,0.4049346,1.18,17.87749,0.8476137,1.17,-99.0,-99.0,0.0,-99.0,-99.0,0.0,-99.0,-99.0,0.0,0.9000376775999999,0.1388616627,0.52,2.6294863139999998,0.1551672135,0.5,8.1343656,0.2046214017,1.25,12.39383775,0.29513930250000003,1.3,19.78508988,0.2675146896,1.2,5.437300808,0.13674775520000002,1.22,36.33450584,0.2314044784,0.89,34.478890406999994,0.31572715823999997,0.31,45.476121376,4.5845322384,1.29,35.228063475999996,5.261366509199999,1.28,1.0,0.5,1.07,1.2,0.0,1.23,1.21,0,0,1,87.69346,1,-99.0,1.1819,83.32000000000001,12.16,1,1
8180,3102.997,2192.976,150.1170197,2.2640715,0,194.0,4.667963,0.0772325,1.111829,2.452933,4.819543,0.07282869,1.646582,7.935771,0.1199184,10.29853,3.164,3.537,2.872,7.426,11.4502,0.2490295,1.23,0.9742837314000001,0.02692419429,1.0,1.04424762,0.036872690400000005,1.0,1.6093183919999998,0.04380597364,1.0,0.947514395,0.1052477125,1.0,1.2128360999999999,0.09158576489999999,1.0,1.2004514249999998,0.10701680427,1.0,1.1325089929999999,0.08556283350999999,1.0,1.438935432,0.09028409929,1.0,1.205233069,0.1110352307,1.0,1.667982946,0.13177423839999997,1.0,1.2742282520000001,0.038409081500000004,1.0,0.9187891579,0.05361274004,1.0,1.164787272,0.04633394136,1.0,1.34581104,0.0424115568,1.0,2.567697184,0.12753875679999999,1.0,2.5453518720000003,0.1567707232,1.0,8.32833732,0.3202037559,1.09,6.40246536,0.30200873159999997,1.08,3.6137864,0.14197676799999998,1.07,3.9994828119999997,0.12627886829999999,1.13,4.62260757,0.1863733145,1.15,10.96847225,0.28809355000000003,1.11,4.411522,0.3606859,1.05,8.306669,0.7627614,1.02,4.25244,0.130056,1.0,5.17081,0.259653,0.89,6.58435,0.122757,0.99,1.151678073,0.06956804583,1.48,1.9220788079999997,0.07603509069,1.47,4.597276068,0.1771112718,1.14,7.036773975,0.261163455,1.15,11.410269840000002,0.22734642600000002,1.18,3.5965899720000003,0.1167539396,1.17,19.05666432,0.138975804,1.27,23.051237273999998,0.15764001200999997,1.08,33.074624990000004,4.5096612369,1.03,25.225588176,5.5752250346,1.02,1.0,1.47,1.07,1.14,0.89,0.99,0.99,0,0,1,66.17643,1,-99.0,1.3569,100.1,11.29,1,0
8191,3835.536,2198.686,150.0864716,2.2643125,0,156.0,3.240484,0.07786817,1.121904,2.569386,3.565739,0.07342811,1.646582,5.871281,0.1209054,7.42136,3.107,3.318,2.748,7.036,8.326053,0.2369445,1.21,0.8024543652000001,0.02812687779,1.0,1.4954776200000002,0.0386752782,1.0,2.889125712,0.0458567736,1.0,0.9203283900000001,0.11002698350000001,1.0,1.3863528,0.0962673768,1.0,1.4524895609999997,0.11259041739999999,1.0,1.0355077733,0.08954687434,1.0,1.5233623570000001,0.0946192841,1.0,1.596162492,0.1158005607,1.0,1.947229347,0.1375528329,1.0,1.978471411,0.040255496919999995,1.0,0.34793763130000005,0.056190920139999996,1.0,1.26380034,0.048610328759999995,1.0,1.11398976,0.0443035008,1.0,3.6382045439999997,0.1336779184,1.0,0.980363008,0.1634210464,1.0,6.266630589,0.33445643639999995,1.08,5.44503264,0.3106159932,1.1,2.42414976,0.142041184,1.15,2.494552658,0.1327668186,1.12,3.3352284900000004,0.19894590150000002,1.11,8.89468373,0.29729516300000003,1.14,3.665462,0.3833252,1.02,6.139723,0.8029192,1.01,2.90748,0.142858,0.91,4.12746,0.252051,1.02,4.4643,0.132821,0.93,1.2683509769999999,0.07185106338,1.51,1.496096082,0.07774344981,1.54,3.944874645,0.18806094360000003,1.12,6.30218505,0.27664365750000003,1.14,8.457879708,0.24075682920000002,1.16,2.9770208240000002,0.1240130756,1.15,12.97377888,0.154203768,0.91,18.031546493999997,0.16830511073999999,1.1,15.400893244,4.5713456278,1.18,24.358361566,5.0933139272,1.26,1.0,1.51,1.08,1.12,0.91,1.13,1.13,0,0,1,48.56096,1,-99.0,3.0287,367.0,10.27,1,0
8287,2503.869,2217.794,150.1419983,2.2651024,3,183.0,7.218804,0.0785198,1.134063,2.135136,8.442835,0.07404258,1.646582,13.90182,0.1219172,13.59106,2.463,2.99,2.712,6.635,15.41313,0.2245861,1.19,0.5115497589,0.023422051740000005,1.0,0.615486846,0.0320305362,1.0,0.7919586004,0.03813783512,1.0,0.20203030000000002,0.0914405815,1.0,0.772999647,0.0793466604,1.0,0.9528103572,0.09313117805,1.0,0.7067977686,0.07458617705,1.0,0.7876987007999999,0.07851643899,1.0,0.5003038855,0.09721212366000001,1.0,0.6405660631999999,0.1149651629,1.0,0.6379881051,0.03348602476,1.0,0.5688021403,0.04682208426000001,1.0,0.6626607515999999,0.04041859542,1.0,0.5959801440000001,0.036956246400000003,1.0,1.25323328,0.1108975504,1.0,1.1951814079999998,0.13674653439999998,1.0,7.631192597999999,0.3289765014,0.78,9.40509072,0.2949210096,0.86,2.07075968,0.125222752,1.05,2.592601167,0.1171472497,1.0,3.8546566200000005,0.178543401,0.96,15.418006899999998,0.2562638105,1.06,4.116916,0.4021367,0.64,27.53049,0.9124979,0.54,3.46011,0.112475,1.01,5.464,0.212062,1.0,7.6138,0.104741,1.03,0.7539905229,0.07179301109999998,1.05,0.987832053,0.07907191461,1.03,3.542848542,0.1536088464,1.14,8.4913983,0.2248494675,1.17,15.37121952,0.19654840080000002,1.19,1.5993918240000002,0.100824484,1.18,30.279507680000002,0.14033254480000001,1.23,46.614065237999995,0.14814856251,1.1,83.115513744,4.8509764478,0.85,152.30620416,6.2865464738,0.8,1.0,1.03,0.78,1.14,1.0,0.81,0.81,0,0,1,114.0268,1,-99.0,2.1791,198.0,10.85,0,1
8341,4902.165,2183.251,150.0419922,2.2636731,3,573.0,58.0042,0.09401857,1.093443,2.225455,64.04203,0.08865761,1.646582,105.4504,0.145982,118.0544,2.794,3.629,3.53,8.339,129.0857,0.3442359,0.83,6.416872938000001,0.0245850048,1.0,10.346044800000001,0.0329263038,1.0,36.90529524,0.039499210959999996,1.0,5.0685553500000005,0.09533345450000001,1.0,10.77704544,0.0820995546,1.0,12.74156822,0.09795564905,1.0,16.9532979,0.07780140676,1.0,24.4843093,0.08192828886,1.0,29.96409087,0.10115649883000001,1.0,36.05306131,0.1200955014,1.0,24.42394785,0.03461397651,1.0,3.623938111,0.048664794110000006,1.0,16.75693212,0.04222945554,1.0,25.509460800000003,0.0385563504,1.0,48.861072,0.11538922719999999,1.0,50.74957408,0.1419164832,1.0,106.6870602,0.4570964118,0.44,98.84562600000001,0.395708322,0.52,60.2428192,0.14175716800000002,0.88,67.79574828,0.1361368437,0.8,81.36955350000001,0.20751002400000002,0.75,126.4610435,0.296187655,0.87,73.94938,0.6336915,0.28,122.4737,1.562813,0.2,-99.0,-99.0,0.0,-99.0,-99.0,0.0,-99.0,-99.0,0.0,-99.0,-99.0,0.0,-99.0,-99.0,0.0,76.58189883,0.18486138870000002,0.88,102.2786625,0.26297691,0.95,126.0411336,0.2650675428,0.75,57.59803048,0.13020508079999998,0.79,80.5661528,0.28885238,0.31,85.03574437799999,0.25009016643,0.56,67.535580494,5.0901300542,0.94,163.3846897,5.890048966199999,1.07,1.0,0.0,0.44,0.75,0.0,0.9,0.83,0,0,1,722.3524,1,-99.0,0.2829,241.9,9.655999999999999,0,1
8449,1043.581,2257.673,150.2028961,2.2667546,0,223.0,8.539073,0.07661215,1.115082,2.265555,9.700128,0.07224371,1.646582,15.97205,0.1189552,17.34917,2.737,3.642,2.688,7.29,19.34574,0.242142,1.25,0.2771700804,0.02500241376,1.0,0.437862438,0.033748353599999996,1.0,1.114408064,0.04030496448,1.0,0.21093163500000003,0.0980422945,1.0,0.365647212,0.0839144124,1.0,0.41789632559999995,0.09900008765999999,1.0,0.529222232,0.0797673184,1.0,0.4318700265,0.08255951165,1.0,0.7049413503,0.1030264346,1.0,0.7079715194999999,0.12262268689999999,1.0,0.6853699082,0.035262658870000005,1.0,0.07571309350000001,0.04948082473,1.0,0.47907285659999993,0.04296334122,1.0,0.697605216,0.039142584,1.0,1.6697732479999998,0.1179105408,1.0,1.7260206079999998,0.1447560416,1.0,15.169332990000001,0.2735253786,1.24,13.05236352,0.26039185680000004,1.24,3.2078582399999997,0.119251584,1.28,6.518965349,0.11032220029999999,1.26,9.95565635,0.165329618,1.26,18.73699415,0.24653572699999998,1.28,9.173649,0.3142474,1.18,16.83203,0.6577862,1.17,8.95972,0.124265,0.94,-99.0,-99.0,0.0,12.595,0.116244,0.97,0.6682426368,0.07822270707,0.99,1.332397755,0.08623931238,0.98,9.376168653,0.1672161597,1.12,14.14664475,0.2438219175,1.15,19.092974400000003,0.2087424936,1.19,2.761335636,0.10826320800000001,1.17,36.2223384,0.159014088,0.96,53.634645207,0.21613805927999996,0.52,83.130599355,4.521269027400001,0.98,130.3636738,5.365898958399999,1.04,1.0,0.98,1.24,1.12,0.0,0.94,0.94,0,0,1,134.2695,1,-99.0,1.9466,336.4,10.85,1,1
8509,4013.333,2252.841,150.0790558,2.2665696,3,400.0,22.90331,0.07754838,1.098644,2.225408,26.31764,0.07312656,1.646582,43.33414,0.1204088,46.39283,2.674,3.485,3.424,8.049,50.96922,0.2718943,1.23,6.888612078,0.02434339107,1.0,7.61109414,0.0334921158,1.0,9.409071319999999,0.03971724812,1.0,6.367774300000001,0.095209942,1.0,8.69474487,0.0833630322,1.0,8.899864628,0.09761178407,1.0,8.853817895999999,0.07757913932999999,1.0,9.129962743,0.08188590003,1.0,9.128628372,0.10038684734,1.0,9.527732430999999,0.11909273039999999,1.0,8.54728071,0.03486305566,1.0,7.1604266370000005,0.04875280228000001,1.0,8.537123646,0.04215267522,1.0,9.2028096,0.0383666544,1.0,11.37068608,0.1158176448,1.0,12.728274240000001,0.1414544448,1.0,39.72147858,0.2905733109,1.07,35.54797152,0.27128456640000004,1.08,18.469336000000002,0.12311264,1.15,22.934812549999997,0.11459147830000001,1.13,28.16958075,0.171933541,1.12,50.2416558,0.258536425,1.13,27.66632,0.3404568,0.97,48.2281,0.7024174,0.99,26.8537,0.118437,0.99,31.5825,0.216189,1.04,35.6325,0.111186,0.99,8.730464120999999,0.07621665573,1.0,10.606742639999998,0.08309780388,1.01,26.89202763,0.1636361325,1.11,37.487845500000006,0.2411206875,1.13,49.742640720000004,0.20985905880000003,1.15,16.126813360000003,0.10744844560000001,1.15,78.60773424,0.17529026160000002,0.78,93.035656584,0.17301782627999998,1.04,98.597425652,4.8188590515000005,0.97,65.615138272,5.466595160399999,1.07,1.0,1.0,1.07,1.11,0.99,0.92,0.92,0,0,1,359.8917,1,-99.0,1.8373,196.39999999999998,11.17,0,1
8510,2023.815,2262.873,150.1620178,2.2669778,3,225.0,4.691624,0.07483711,1.100126,2.713097,4.582908,0.07056988,1.646582,7.546133,0.1161991,11.57034,3.57,3.731,3.135,7.969,12.72883,0.2605714,1.31,0.4598068443,0.029784546630000002,1.0,0.372019362,0.040585045800000004,1.0,0.8611373496,0.0483967088,1.0,0.5462722900000001,0.11631949350000001,1.0,0.162785154,0.1004554845,1.0,-0.05214389711,0.1184445406,1.0,0.3977774724,0.09503636296,1.0,0.4060839893,0.09961445197,1.0,0.8906401770000001,0.1236775498,1.0,1.019676301,0.14650383019999996,1.0,0.4854851137,0.042547905930000005,1.0,0.370130834,0.05952492781,1.0,0.37482120899999993,0.05144206896,1.0,0.5039374560000001,0.046899144,1.0,1.575968576,0.1408572672,1.0,1.843465888,0.1734596512,1.0,8.166218535,0.3286874712,1.25,7.84451694,0.31243301879999996,1.23,2.80416512,0.14456024,1.26,3.578447002,0.1340717495,1.23,4.314962125000001,0.20053602800000003,1.23,12.41126415,0.30037011449999995,1.24,4.402969,0.3763245,1.18,11.02364,0.791115,1.16,4.31281,0.145893,0.97,-99.0,-99.0,0.0,6.74053,0.1364,0.99,0.5417140389,0.06975478743,1.8,1.243668348,0.07159560993,2.03,4.512798,0.1956260169,1.14,7.92715245,0.28735581,1.16,12.80098908,0.24808471200000004,1.2,2.718952868,0.1288317052,1.17,33.27544624,0.14193315520000002,1.21,42.049505862,0.15185736072,1.17,29.799270854,4.9340496857,1.01,41.90211849999999,6.213884060599999,0.95,1.0,1.8,1.23,1.14,0.0,0.97,0.97,0,0,1,64.94142,1,-99.0,1.4537,19.5,11.15,0,1
8701,2465.948,2297.765,150.1435852,2.2684343,0,316.0,17.55503,0.07819195,1.105027,2.40334,18.62087,0.07373343,1.646582,30.66078,0.1214081,38.18068,3.064,3.58,3.073,7.728,42.1907,0.2632733,1.2,1.0547043648,0.026358514200000002,1.0,1.4540962800000001,0.0360567246,1.0,7.72873222,0.04292039884,1.0,0.936013875,0.10298436100000001,1.0,1.31674578,0.08926905539999999,1.0,1.839515748,0.10477596161,1.0,2.042064871,0.08397869018,1.0,3.067377995,0.08836728241,1.0,6.075734916,0.1094717969,1.0,7.007515682999999,0.12945064579999999,1.0,3.084255606,0.0377053962,1.0,0.8219081755000001,0.05270510148,1.0,2.28006801,0.04551293238,1.0,3.28837104,0.041567865600000004,1.0,10.9134688,0.1248564512,1.0,11.63242688,0.1538899264,1.0,31.73697081,0.3548922294,0.85,27.037133160000003,0.3173155668,0.94,14.7618048,0.138398752,1.09,17.32805282,0.1293378736,1.04,24.9900204,0.19606645649999999,1.01,42.2320286,0.2818900905,1.11,22.68414,0.4126749,0.77,34.84362,0.9153011,0.68,20.9297,0.125945,1.02,24.4116,0.238523,1.0,26.3995,0.117896,1.03,2.822152728,0.08119423277999999,1.04,8.441529525,0.08856082404,1.04,22.581550260000004,0.173563344,1.13,29.520015000000004,0.25507770750000003,1.15,41.83362108000001,0.22117578120000003,1.19,14.03631452,0.1134447944,1.18,56.61787512,0.1422259664,1.24,43.570241208,0.15257596185,1.1,55.807004736,4.9363933252,0.9,39.631447165999994,6.4576771472,0.79,1.0,1.04,0.85,1.13,1.0,0.86,0.86,0,0,1,252.5431,1,-99.0,0.8673,178.2,11.37,0,1
8867,4673.269,2345.303,150.0515442,2.2704244,3,277.0,7.77292,0.08399163,1.091833,2.553693,7.985224,0.07920241,1.646582,13.14832,0.1304132,18.18012,3.387,3.862,3.395,8.437,19.84965,0.3115242,1.04,0.1760357667,0.028048613610000002,1.0,0.233467416,0.0380693118,1.0,0.7218317436,0.04545454056,1.0,-0.0034995610000000004,0.10918119400000001,1.0,0.19410608699999998,0.09478519469999999,1.0,0.10392007670999999,0.1122882134,1.0,0.2090337095,0.08911120063999999,1.0,0.3900533956,0.09377892303999999,1.0,0.7299887359,0.11606113300000001,1.0,0.4795868790999999,0.1373502529,1.0,0.3302075078,0.03983543888,1.0,0.07726000156000001,0.05607250012000001,1.0,0.320930556,0.04842946638,1.0,0.424032576,0.044098848,1.0,1.02301472,0.1327057056,1.0,1.590068544,0.1626375168,1.0,12.93381048,0.3567631665,0.94,11.207289240000001,0.32290074840000005,1.02,3.0201832,0.14425377599999997,1.12,4.5861511539999995,0.1343847011,1.08,7.0163466,0.2029118175,1.05,19.27619695,0.3015564415,1.1,5.040159,0.419824,0.84,16.27346,0.8911061,0.81,-99.0,-99.0,0.0,-99.0,-99.0,0.0,-99.0,-99.0,0.0,-99.0,-99.0,0.0,-99.0,-99.0,0.0,6.357918717,0.1948112586,1.04,11.9502495,0.28260372,1.09,19.09316808,0.2596396608,1.02,2.72557872,0.1288033492,1.06,41.201176800000006,0.268135516,0.39,50.077314494999996,0.22696737101999997,0.73,50.788655291000005,4.6236514459,1.15,44.76786283199999,5.410810966,1.26,1.0,0.0,0.94,1.02,0.0,1.1,1.04,0,0,1,100.8205,1,-99.0,1.7918,143.0,8.429,0,1
8924,5030.888,2358.255,150.0366364,2.2709649,3,207.0,4.593833,0.1087819,1.09645,2.420843,4.57205,0.1025792,1.646582,7.528254,0.168905,10.14269,3.277,3.796,3.237,8.168,11.12095,0.3923828,0.61,1.219772376,0.026794831020000003,1.0,1.26145656,0.035697363,1.0,1.63546262,0.04288131584,1.0,1.7266204,0.10376592400000001,1.0,1.13390214,0.08909175450000001,1.0,1.6622946879999998,0.10629874597999998,1.0,1.5132224029999999,0.08471564331999999,1.0,1.360801695,0.08899800415,1.0,1.8260947340000002,0.1099077739,1.0,1.4601257369999998,0.1307836222,1.0,1.347072893,0.03766008239,1.0,0.791626662,0.053009840630000006,1.0,1.363838388,0.04602132246,1.0,1.38777216,0.0419672304,1.0,1.8752884799999998,0.1252580368,1.0,2.009395744,0.1545244928,1.0,6.128555625,0.7853910734999999,0.18,6.595425168,0.6959359152,0.2,3.17237088,0.184104832,0.62,4.021746807,0.18461343289999999,0.52,5.1523957650000005,0.2940744525,0.44,11.06022565,0.396101853,0.58,-99.0,-99.0,0.0,-99.0,-99.0,0.0,-99.0,-99.0,0.0,-99.0,-99.0,0.0,-99.0,-99.0,0.0,-99.0,-99.0,0.0,-99.0,-99.0,0.0,5.141153196,0.2128152456,0.78,7.948030125000001,0.30799308750000004,0.81,10.4713092,0.3251344896,0.59,2.790239852,0.15719148600000002,0.64,24.351810080000003,0.2916585048,0.23,36.776289770999995,0.25823313242999996,0.45,66.603243564,4.7371377975,1.04,140.20785632,6.1903621976,1.0,1.0,0.0,0.18,0.59,0.0,1.0,0.62,0,0,1,44.57094,1,-99.0,1.8727,567.9,9.433,1,1
8926,536.418,2354.731,150.2240448,2.2707946,0,338.0,29.40021,0.09825301,1.116987,2.03927,32.51185,0.0926506,1.646582,53.53342,0.1525568,53.67559,2.522,3.232,2.969,7.218,59.95495,0.3072387,0.76,1.569747291,0.0223519626,1.0,1.7086407,0.0304532592,1.0,3.4385039479999997,0.0362662652,1.0,0.78087615,0.0881571975,1.0,4.01880927,0.0751594431,1.0,1.4546481609999997,0.08982517422,1.0,1.5085386469999997,0.07120838724999999,1.0,2.6863895959999997,0.07487059876999999,1.0,2.7507309780000004,0.09327606247,1.0,3.9888204579999993,0.10961705089999998,1.0,2.238149882,0.031918440969999996,1.0,0.6904681598000001,0.04457272453,1.0,1.5762235619999998,0.03863084393999999,1.0,2.2013582400000002,0.0350900208,1.0,5.7174877760000005,0.10561701279999999,1.0,5.019117248,0.13059780480000002,1.0,51.95473029,0.2720307627,1.02,43.93858776,0.2725330632,0.92,16.897488,0.15541043200000002,0.61,22.70106475,0.136954961,0.68,29.57783715,0.19420520700000002,0.75,60.21114775,0.36059086199999996,0.49,27.40027,0.2970441,1.07,55.89982,0.6024744,1.13,-99.0,-99.0,0.0,-99.0,-99.0,0.0,-99.0,-99.0,0.0,2.3170065509999995,0.09880406715,0.5,4.364696349,0.10807566119999999,0.5,26.53732926,0.1564269849,1.04,43.9703985,0.222033525,1.11,55.43276544,0.2108623212,0.94,12.48344544,0.10717622800000001,0.97,95.2722128,0.18955920080000002,0.82,137.89956726,0.30232146204,0.28,208.16105669,4.5357423813999995,0.98,441.16229508,5.7474649206,0.87,1.0,0.5,0.61,0.94,0.0,0.94,0.76,0,0,1,350.9082,1,-99.0,1.7029,1042.0,11.07,1,1
9088,2522.362,2406.73,150.1412354,2.2729745,3,218.0,15.30135,0.0828058,1.132188,2.154808,17.79134,0.0780842,1.646582,29.2949,0.128572,29.12191,2.543,2.912,2.834,6.693,32.97148,0.2390422,1.07,2.0415702000000002,0.023623456350000002,1.0,2.6132808,0.032348628,1.0,7.836867984,0.03848047808,1.0,1.7538293,0.0924301275,1.0,2.76801987,0.0800466261,1.0,2.919301433,0.09385290596,1.0,3.2413490339999997,0.0752945424,1.0,4.259335860999999,0.07921229722999999,1.0,5.762561484,0.09812939899,1.0,7.489858663,0.11604997879999998,1.0,4.100606195,0.03381232334,1.0,1.9711844000000003,0.047233823470000005,1.0,3.284101146,0.04081815126,1.0,4.2865368,0.0372418848,1.0,10.56170128,0.1120236,1.0,11.27483104,0.1379500224,1.0,25.03971432,0.3644622327,0.65,22.30701132,0.3249047652,0.72,13.5770384,0.131700464,0.97,15.518439169999999,0.12265674329999998,0.93,22.1938913,0.190546036,0.86,32.75182074999999,0.2663445585,1.0,17.37875,0.450241,0.52,32.82926,1.069995,0.4,18.7727,0.112903,1.02,20.603,0.197706,1.17,21.6204,0.106123,1.02,3.6366708719999994,0.07243503683999998,1.05,8.838738558,0.07938538568999999,1.04,20.221677900000003,0.1569056436,1.11,23.99875275,0.2325601425,1.11,33.014983320000006,0.2009197584,1.16,12.86776376,0.1029899372,1.15,43.31979264,0.1473387392,1.17,33.336157373999995,0.15786941039999997,1.09,23.48346853,4.3480544962000005,1.18,46.911910516,6.117300087199999,0.85,1.0,1.04,0.65,1.11,1.02,1.13,1.07,0,0,1,227.8482,1,-99.0,0.922,159.39999999999998,12.22,1,0
9135,1247.494,2415.118,150.194397,2.2733159,2,229.0,5.790538,0.07952866,1.097807,2.644087,5.66304,0.07499392,1.646582,9.324658,0.1234836,13.94661,3.525,3.673,3.286,8.095,15.31068,0.2817482,1.16,0.1297438206,0.02918320488,1.0,0.26025222600000003,0.0393578016,1.0,0.6579149456,0.04706899032,1.0,0.147970385,0.11422797500000001,1.0,0.143438988,0.0978954732,1.0,0.4016377504,0.1152929846,1.0,0.3058176198,0.09307562033,1.0,0.2656547058,0.09637085469000001,1.0,0.511634218,0.1203387771,1.0,0.5465071562999999,0.1432635631,1.0,0.4352738889,0.04119876798,1.0,0.057269361580000004,0.05782422268000001,1.0,0.317552781,0.050233058459999994,1.0,0.388399824,0.04567679040000001,1.0,1.0108329919999999,0.137630272,1.0,0.8296930431999999,0.168690304,1.0,10.52913741,0.3407539971,1.09,9.01533684,0.320737128,1.11,1.88957504,0.14684896,1.15,2.674210058,0.1390461345,1.08,5.67226917,0.2072240585,1.09,15.1120275,0.303620893,1.15,5.358136,0.3944698,1.02,14.07363,0.8519558,0.95,4.44401,0.139883,1.0,6.63559,0.243082,1.21,7.84432,0.132272,1.01,0.5407478540999999,0.06692321643,1.85,0.6208116057,0.07120144043999999,1.96,5.180635458,0.1971158067,1.09,9.014058375000001,0.29168097000000004,1.09,14.69585736,0.2488507164,1.14,1.6489203040000002,0.12840542,1.13,26.42650424,0.20173172080000001,1.08,33.57634363199999,0.20915343539999998,0.76,38.75446292,5.1219684219,0.98,33.502756766,6.054148987,0.94,1.0,1.85,1.08,1.09,1.0,0.93,0.93,0,0,1,75.51333,1,-99.0,2.1007,193.8,10.9,0,1
9149,4428.033,2424.77,150.0617676,2.2737346,0,244.0,17.28179,0.0820426,1.128833,2.135356,19.82142,0.07736451,1.646582,32.63759,0.127387,32.69107,2.511,2.987,2.85,6.798,36.90277,0.2407265,1.09,0.07356461943,0.02337023463,1.0,0.38822409599999996,0.0320324628,1.0,1.2311236959999998,0.03808100384,1.0,0.0527574305,0.0912711585,1.0,-0.0542473974,0.0796328127,1.0,0.2840512533,0.09375166761999999,1.0,0.3519768791,0.07450906385999999,1.0,0.5935979434,0.0783281444,1.0,0.8623483114,0.09676803546,1.0,0.6530196686999999,0.1145113837,1.0,0.6469852942000001,0.03340087786,1.0,0.21543133890000002,0.04695788248,1.0,0.3589973814,0.04051457082,1.0,0.5844834720000001,0.0368269248,1.0,2.913561664,0.1111086288,1.0,3.290538176,0.1357593376,1.0,30.39589008,0.30763191209999996,0.88,25.802046840000003,0.2773117272,0.96,6.028449439999999,0.12374704000000002,1.06,11.717622669999999,0.1152782332,1.03,18.731927650000003,0.17493370500000002,1.0,35.9628866,0.25169938199999997,1.1,15.81284,0.3845559,0.7,32.41737,0.7848959,0.73,16.2561,0.115832,0.94,21.335,0.208939,1.03,24.3849,0.10844,0.95,0.7991596622999999,0.09891347336999999,0.54,1.839282822,0.11227469759999999,0.51,17.694322200000002,0.16243806959999998,1.04,28.3894485,0.24069375750000002,1.05,35.719530840000004,0.2094871932,1.08,5.373386384,0.10601930320000001,1.09,56.969028480000006,0.216906132,0.54,66.221660934,0.18553935464999996,0.86,51.896820387,4.7301681047,0.95,48.836674587999994,6.2887744156,0.78,1.0,0.51,0.88,1.04,0.94,0.9,0.9,0,0,1,256.2082,1,-99.0,1.8816,-4.863,10.01,0,1
9184,3281.237,2437.639,150.1095886,2.274266,2,225.0,8.765273,0.07918807,1.113808,2.294554,9.354602,0.07467274,1.646582,15.40312,0.1229548,18.05733,2.914,3.566,2.786,7.344,20.11239,0.2512175,1.18,0.22975921980000003,0.025137162180000002,1.0,0.233935884,0.0345498192,1.0,0.6659320183999999,0.040963490039999995,1.0,0.0716405035,0.098681788,1.0,0.224526603,0.0856552557,1.0,0.22818020949999998,0.10009169168,1.0,0.246582875,0.08008104566,1.0,0.36361298709999995,0.08434565469000001,1.0,0.5689743185999999,0.10372197000000001,1.0,0.39978352679999996,0.12317876899999998,1.0,0.2648019655,0.03593825548,1.0,0.08273810672000001,0.05014479610000001,1.0,0.23174984159999998,0.04338116034,1.0,0.314807808,0.0395791584,1.0,1.134796832,0.11954103199999999,1.0,1.321446656,0.146400528,1.0,14.11534266,0.3249611154,0.93,9.57631044,0.2955584796,0.98,3.12127728,0.131002624,1.1,3.748570969,0.1237636647,1.03,5.0853868250000005,0.1871668935,1.0,19.430702399999998,0.2731391605,1.08,4.284739,0.3914615,0.78,15.72695,0.8212135,0.77,4.89548,0.12234,0.99,7.03324,0.238372,0.92,9.95787,0.114344,1.0,0.2913696708,0.06437876064,1.51,0.5600323988999999,0.07087340285999999,1.48,5.296825845000001,0.1716175539,1.06,11.684615250000002,0.2517101475,1.08,19.731343680000002,0.21726828720000002,1.13,2.7554092320000003,0.1122018564,1.11,46.23982456,0.126486788,1.27,58.731850359,0.15997210749,1.14,59.448468484,4.9070953222,0.91,39.59658468799999,6.645771688799999,0.79,1.0,1.48,0.93,1.06,0.92,0.87,0.87,0,0,1,125.2746,1,-99.0,1.5057,101.8,10.53,0,1
9206,692.076,2410.625,150.2175446,2.2731247,2,432.0,9.663005,0.08696947,1.067543,3.499616,8.030414,0.08201045,1.646582,13.22273,0.1350369,31.67724,4.743,4.813,4.096,10.345,33.8168,0.4060893,0.97,4.879137372000001,0.0384679215,1.0,5.1546588600000005,0.0521754714,1.0,8.354869468,0.06224551696,1.0,5.2417018,0.15141306999999998,1.0,5.0274877799999995,0.129277176,1.0,4.894118229,0.1534904909,1.0,5.238717791999999,0.12246334099999999,1.0,6.457051392,0.12797418259999999,1.0,7.519356153,0.15981598749999998,1.0,7.628818413999999,0.1886262896,1.0,6.541865688,0.05464062526,1.0,5.083917932000001,0.07647165193,1.0,5.456974883999999,0.06635040306,1.0,5.954393280000001,0.0602969712,1.0,13.245795679999999,0.1816714224,1.0,12.9151936,0.2240995648,1.0,26.63219313,0.4615705605,1.04,28.388852879999998,0.4317485148,1.08,16.3895776,0.21710144,0.92,17.98660344,0.19551844389999998,0.97,19.7355775,0.2910584565,0.98,33.636715599999995,0.503485667,0.74,19.76788,0.5027617,1.1,27.28591,1.067507,1.06,-99.0,-99.0,0.0,-99.0,-99.0,0.0,-99.0,-99.0,0.0,5.899156994999999,0.1649232798,0.53,9.426224925,0.18639196289999999,0.5,18.85358259,0.2562070257,1.14,25.864377000000005,0.3688625325,1.19,33.1187958,0.33361379999999996,1.11,15.96669648,0.1689516644,1.15,44.49162432,0.21133066720000002,0.92,43.01189614799999,0.32153428007999996,0.37,23.799031810000002,5.2354768549,1.12,44.846279616,5.9614953694,1.2,1.0,0.5,0.92,1.11,0.0,1.08,0.97,0,0,1,97.9194,1,-99.0,1.2731,73.0,12.69,1,0
9284,4601.03,2463.458,150.0545502,2.275347,3,236.0,17.70533,0.0828058,1.132282,2.084991,21.6627,0.0780842,1.646582,35.6694,0.128572,32.60271,2.293,2.945,2.8,6.691,36.91546,0.2389434,1.07,0.3488548038,0.02285685033,1.0,0.41061423,0.031171881000000002,1.0,1.12108436,0.03714108068,1.0,0.349359625,0.08913818800000001,1.0,0.350464779,0.0774822741,1.0,0.3053242563,0.09156446617,1.0,0.33200340249999993,0.07275740241,1.0,0.5110790168,0.07643648023,1.0,0.7050954630999999,0.09469227798999999,1.0,0.9532817188999999,0.1120388948,1.0,0.6280523427,0.03257133174,1.0,0.2545372541,0.04585089114,1.0,0.44663783039999994,0.03954857376,1.0,0.6794053440000001,0.0359673648,1.0,2.2292383360000003,0.1083950192,1.0,2.489520128,0.1326858144,1.0,22.12846248,0.31391492429999995,0.81,17.0091162,0.28870119120000004,0.85,5.46183264,0.12344935999999998,1.02,6.945419858,0.1141336417,1.0,9.14897637,0.1775568695,0.92,36.24996965,0.2531514705,1.04,7.458181,0.4022328,0.61,23.68749,0.8249682,0.63,-99.0,-99.0,0.0,-99.0,-99.0,0.0,-99.0,-99.0,0.0,-99.0,-99.0,0.0,-99.0,-99.0,0.0,8.849190915000001,0.1580970978,1.05,18.700930500000002,0.232730715,1.07,37.403481600000006,0.2103819948,1.03,4.382665552,0.1045996128,1.07,54.30119776000001,0.22545561120000002,0.43,76.92213262499999,0.20198627163,0.75,127.83504606,4.3444572354,1.18,204.36634149999998,5.288341840599999,1.06,1.0,0.0,0.81,1.03,0.0,1.13,1.07,0,0,1,277.4274,1,-99.0,1.4449,332.8,9.575,1,1
9312,4445.816,2460.632,150.0610352,2.2752287,3,229.0,7.705433,0.08319548,1.10263,2.484858,7.690423,0.07845166,1.646582,12.66291,0.1291771,17.36476,3.307,3.486,3.251,7.844,19.14691,0.2847051,1.06,0.5755540617000001,0.02719357146,1.0,0.660999222,0.0372744372,1.0,1.3219433919999999,0.04431193756,1.0,0.434936315,0.10622508800000001,1.0,0.677492004,0.09261773849999999,1.0,0.7720858894,0.1090697408,1.0,0.6414140117,0.08671499529,1.0,0.6828359505,0.09110111141999999,1.0,1.1133737289999999,0.1126300954,1.0,1.096129993,0.13328447229999998,1.0,0.9328097357,0.0388700492,1.0,0.5227536342000001,0.054660521370000006,1.0,0.6252107778,0.047147961839999995,1.0,0.765688752,0.0428492256,1.0,2.133626976,0.12928820319999998,1.0,2.1159254720000003,0.15797589439999998,1.0,14.22338952,0.3733872525,0.81,11.46303276,0.3392067588,0.87,3.44344512,0.146156976,1.03,5.5238855099999995,0.1368448484,0.99,7.022629925,0.2111246675,0.93,18.4610266,0.2998567805,1.05,6.733819,0.4643902,0.65,18.04528,0.9605784,0.66,6.95959,0.130047,1.01,-99.0,-99.0,0.0,11.083,0.103592,1.41,0.9815209538999999,0.10832332169999999,0.61,1.870066692,0.1294787052,0.52,7.263074592000001,0.19086397650000003,1.02,13.193533500000001,0.28271145000000003,1.03,19.02160332,0.24611498639999999,1.06,2.894164592,0.12511328840000002,1.06,36.0828496,0.251017484,0.46,48.11165248499999,0.20247307937999998,0.85,40.301385434,5.1210369883,0.98,36.574651802,6.954700615399999,0.81,1.0,0.52,0.81,1.02,0.0,0.94,0.94,0,0,1,98.02754,1,-99.0,1.8168,12.23,9.729,0,1
9514,657.942,2544.597,150.2189789,2.2787063,0,79.0,1.747597,0.09401857,1.192731,2.187052,1.954864,0.08865761,1.646582,3.218844,0.145982,3.204482,2.524,2.817,1.91,5.405,3.822086,0.2193424,0.83,0.1291275201,0.02402279514,1.0,0.160461444,0.0325860054,1.0,0.604669186,0.03891324184,1.0,0.20789383000000003,0.09460033250000001,1.0,-0.00411310263,0.0807573879,1.0,0.23673582059999998,0.09583050734999998,1.0,0.31130520959999997,0.07640102701,1.0,0.3488650814,0.07999243208,1.0,0.4888701352,0.09998828325,1.0,0.7001883958999999,0.11784179889999999,1.0,0.42116299230000004,0.03417268068,1.0,0.05737400317000001,0.04781500013000001,1.0,0.1976105532,0.041518678499999996,1.0,0.40283952,0.0376780944,1.0,0.6559941024,0.11349936000000001,1.0,0.6697166656,0.1400649632,1.0,2.08033851,0.3648540723,0.65,1.40758098,0.3241435788,0.75,0.737209888,0.16268456,0.64,1.091283479,0.1460083417,0.68,1.17435839,0.21832921700000002,0.68,3.758423385,0.344558269,0.62,0.4187563,0.4185056,0.62,1.047617,0.8942032,0.59,-99.0,-99.0,0.0,-99.0,-99.0,0.0,-99.0,-99.0,0.0,0.18295703789999998,0.10409727809999998,0.52,0.5550156962999999,0.1165650174,0.5,1.0108667519999999,0.1657603575,1.06,1.5547533750000002,0.24047031750000003,1.09,3.4787639520000004,0.220838778,0.99,0.5534580792,0.1121536512,1.02,21.14145072,0.19579899280000002,0.86,35.832247191,0.28020841524,0.33,76.38880667699999,4.5259472731,1.05,189.9629674,5.344854583599999,1.08,1.0,0.5,0.64,0.99,0.0,1.0,0.83,0,0,1,22.0496,1,-99.0,4.4264,414.0,13.15,0,1
9523,2520.511,2531.989,150.1413116,2.2781932,0,159.0,3.842808,0.0860865,1.130665,2.34001,4.195465,0.08117783,1.646582,6.908175,0.1336659,7.953027,2.869,3.206,2.612,6.743,8.992208,0.2504359,0.99,0.25168635390000005,0.0256392975,1.0,0.292558266,0.0351394602,1.0,0.3519612668,0.041785612439999995,1.0,0.14790049500000002,0.10047302050000001,1.0,0.26917793700000003,0.08687543760000001,1.0,0.3203427158,0.10182806952,1.0,0.2964205706,0.08178354876999999,1.0,0.26572685700000004,0.08597957873999999,1.0,0.1986605243,0.10655176490000001,1.0,0.27869437049999995,0.12602197929999998,1.0,0.35850563960000004,0.036731589700000004,1.0,0.11318458899,0.05127499975,1.0,0.3106490748,0.04436178665999999,1.0,0.35999376000000005,0.040418472,1.0,0.4289086256,0.1217394672,1.0,0.393498496,0.1497745024,1.0,3.30367338,0.4710629718,0.46,3.763226232,0.3997342992,0.56,0.467717744,0.154748704,0.83,1.222143611,0.1427532587,0.81,2.183025005,0.22623433250000002,0.72,9.087679125,0.30824494099999994,0.88,3.664844,0.6785377,0.27,23.99736,1.603656,0.21,1.74811,0.123809,1.0,2.15846,0.211063,1.21,3.37668,0.116338,1.0,0.33532600469999996,0.06962680854,1.34,0.196249599,0.07959252132,1.22,1.8152210700000002,0.17510883570000002,1.05,4.0544285250000005,0.25822781250000004,1.06,8.64936144,0.2250958644,1.09,0.8856212084,0.11590042400000002,1.07,20.874965279999998,0.1598502872,1.15,30.465459881999998,0.16122104270999998,1.05,36.357376395,4.2513239124,1.18,45.376671456,5.228250856,1.07,1.0,1.22,0.46,1.05,1.0,1.13,0.99,0,0,1,51.68239,1,-99.0,2.1824,140.2,9.892,0,1
9632,2282.407,2529.891,150.1512451,2.2781045,2,847.0,45.82613,0.0852299,1.054717,3.811041,41.67806,0.08037007,1.646582,68.62633,0.1323359,165.5849,5.142,7.042,3.677,11.856,174.6452,0.4655674,1.01,2.109147849,0.04177739535,1.0,3.1190640000000003,0.0571389,1.0,18.742367599999998,0.06801858184,1.0,1.71166635,0.163541395,1.0,2.9275239,0.141229683,1.0,3.312771041,0.16590999599999998,1.0,3.630301213,0.13331720709999997,1.0,7.884372485,0.1400073994,1.0,14.67366775,0.17373886230000002,1.0,16.50571195,0.2054687908,1.0,8.537748172,0.05984926666,1.0,1.1022719174,0.08357288097,1.0,4.353350964,0.07230972996,1.0,8.63635728,0.065809464,1.0,26.916789119999997,0.19809350080000002,1.0,27.976719680000002,0.2438014208,1.0,116.2211772,0.6116994417,0.72,93.64415412000001,0.5476141176,0.79,43.1905376,0.240080384,0.91,51.204966930000005,0.22055843549999998,0.9,60.9955506,0.3433970695,0.83,173.244162,0.48537952799999995,0.94,59.02605,0.760579,0.57,155.1819,1.628733,0.54,56.8501,0.201689,1.0,70.8741,0.346459,1.19,90.2106,0.188036,1.02,6.998263248,0.1276328091,1.06,20.896324019999998,0.13978693169999998,1.05,58.31384706,0.2867939775,1.04,106.91803500000002,0.422818305,1.05,173.33972640000002,0.3661268616,1.09,38.12360228,0.1888197684,1.07,231.03925040000001,0.21055409919999998,1.17,173.64291866999997,0.21733545014999997,1.14,197.23196813,6.0693518186,0.96,158.27416975999998,8.0454848482,0.87,1.0,1.05,0.72,1.04,1.0,0.92,0.92,0,0,1,518.5769,1,-99.0,0.684,502.90000000000003,10.290000000000001,0,1
9653,4925.158,2585.761,150.0410461,2.2804437,0,47.0,0.887051,0.1046442,1.277372,2.002422,0.7950166,0.09942213,1.646582,1.30906,0.1637067,1.39055,2.729,2.06,1.8,4.487,1.77625,0.207587,0.67,0.01825948794,0.02205147123,1.0,0.0350561094,0.0296925564,1.0,0.08664305672,0.035547873679999994,1.0,-0.19406766,0.08571140900000002,1.0,-0.09267950999999999,0.0738471048,1.0,-0.1289213057,0.08781886344999999,1.0,0.03191241284,0.06991170416999999,1.0,-0.04891199995,0.0733817788,1.0,-0.004660066902,0.09105906873,1.0,0.07117688816,0.1080217334,1.0,0.07902699103,0.03123051274,1.0,0.020654859610000003,0.04397814183,1.0,0.032548705799999994,0.03799302684,1.0,0.0320226,0.0345708192,1.0,-0.07025851872,0.10378885919999999,1.0,-0.15109833920000001,0.1277262656,1.0,0.8618764176,0.5500778151,0.25,0.3733647624,0.4547304888,0.32,-0.146981696,0.14458464,0.69,-0.09420635197999999,0.14291649580000002,0.59,-0.2402792955,0.2166718045,0.56,1.7401719449999997,0.30222337149999995,0.68,1.798772,2.133432,0.02,-0.8659353,3.144335,0.04,-99.0,-99.0,0.0,-99.0,-99.0,0.0,-99.0,-99.0,0.0,-99.0,-99.0,0.0,-99.0,-99.0,0.0,0.0030999240270000003,0.17744265090000003,0.77,0.41606124,0.25354953750000003,0.82,1.719365148,0.2557912392,0.65,0.15580487760000003,0.1252872052,0.69,7.870147784,0.230482448,0.28,13.943423519999998,0.19121194052999996,0.53,21.686072681000002,3.8974634552,1.05,27.019647034,5.1248603988,1.0,1.0,0.0,0.25,0.65,0.0,1.01,0.67,0,0,1,7.996374,1,-99.0,3.6392,64.22999999999999,9.949,0,1
9671,4263.793,2569.329,150.0686188,2.2797568,2,259.0,9.390465,0.08834638,1.100088,2.458447,9.846025,0.08330885,1.646582,16.21228,0.1371748,20.98556,3.152,4.059,2.883,7.971,23.08596,0.3076861,0.94,0.5007710820000001,0.026855743050000002,1.0,0.75785853,0.0370108986,1.0,1.6567881439999999,0.04388211652,1.0,0.34727015499999997,0.10523542150000001,1.0,0.6588069599999999,0.0917514906,1.0,0.8255759974,0.10773259603,1.0,0.8684780719999999,0.08584660161,1.0,0.9112235594,0.09003427575999999,1.0,1.1994437,0.11115385700000001,1.0,1.070412462,0.1317002967,1.0,1.18158451,0.03852427449,1.0,0.31702181349999997,0.054086295990000005,1.0,0.8856600593999999,0.04665979182,1.0,1.08293616,0.04236012,1.0,2.35526824,0.1280262048,1.0,2.282023648,0.1561176416,1.0,14.13357678,0.42631372559999997,0.61,12.19277064,0.39400084679999997,0.63,3.5960817599999997,0.156253696,0.88,5.174055848,0.1480763336,0.83,7.827904815,0.22583952200000001,0.8,23.357303299999998,0.3314551155,0.84,5.57502,0.6089731,0.37,22.3675,1.305058,0.35,6.84267,0.127037,1.04,9.505,0.248945,0.96,11.3469,0.120979,1.01,1.021882512,0.08356219746,1.01,1.5495842699999998,0.09344380616999999,0.98,7.105145544,0.19221687180000002,0.98,12.68191575,0.286005195,0.98,22.51055484,0.24810408,1.01,3.1183565800000004,0.12668043,1.01,45.00031304,0.22122965600000002,0.58,55.264862834999995,0.18134905931999998,0.99,77.68071913200001,5.2003473549,0.87,53.636752462,6.0837540722,0.93,1.0,0.98,0.61,0.98,0.96,0.83,0.83,0,0,1,118.187,1,-99.0,2.0999,239.8,9.915999999999999,0,1
9768,2045.54,2544.344,150.1611176,2.2787054,0,970.0,94.25169,0.08565499,1.064157,2.800428,98.87604,0.08077092,1.646582,162.8075,0.1329959,248.0321,3.682,5.025,4.198,10.702,263.9451,0.4157666,1.0,8.371921728,0.030730059300000005,1.0,11.858628600000001,0.0419064906,1.0,59.07786279999999,0.04994651068,1.0,7.0149316,0.1202128485,1.0,12.3889143,0.10361940959999999,1.0,12.511677319999999,0.12195766209999999,1.0,16.17214445,0.09809821021,1.0,36.10005124,0.1027904075,1.0,53.801386820000005,0.12770476060000002,1.0,54.20716672,0.1511722863,1.0,35.779999690000004,0.04396065938,1.0,4.551127146000001,0.06141915161000001,1.0,20.816691539999997,0.05318136684,1.0,36.6740736,0.0483400128,1.0,80.97396736,0.1455045696,1.0,87.44813119999999,0.1789586656,1.0,213.5263947,0.46124758379999997,0.68,192.79926,0.41249219880000004,0.75,104.337328,0.17981824,0.87,118.6076905,0.1696661304,0.82,143.2805895,0.25530485300000005,0.81,264.575173,0.3641710635,0.9,144.4528,0.5795951,0.53,224.2003,1.219624,0.52,133.967,0.150641,0.97,-99.0,-99.0,0.0,185.603,0.140604,0.99,28.730398139999995,0.08900226443999999,1.18,65.558961,0.0920146383,1.31,137.13241320000003,0.2121996924,1.03,204.178275,0.31119406499999996,1.05,263.37865320000003,0.270057708,1.08,99.87172240000001,0.1395663416,1.06,226.9518408,0.1497594096,1.23,238.03711893,0.17050058765999998,1.12,383.16689128,5.038622177600001,1.03,571.6248357799999,6.224385099999999,1.07,1.0,1.18,0.68,1.03,0.0,0.99,0.99,0,0,1,1224.154,1,-99.0,0.4467,889.7,11.790000000000001,0,1
9811,684.12,2596.349,150.2178802,2.2808626,0,274.0,5.488506,0.09459011,1.083758,3.311916,4.505282,0.08919656,1.646582,7.418316,0.1468694,16.77264,4.404,5.068,2.92,8.963,18.17747,0.3753664,0.82,0.2202155373,0.036395237100000005,1.0,0.19567867800000002,0.0493190334,1.0,0.8049847344,0.05893826752,1.0,0.18816557,0.14323835000000001,1.0,0.30618963899999996,0.122334282,1.0,0.1513577941,0.144928404,1.0,0.39535436709999994,0.1157193653,1.0,0.45043893949999997,0.1210316338,1.0,0.7426949307,0.15137222830000002,1.0,0.7677802257999999,0.17851045729999998,1.0,0.3341438392,0.05173202673,1.0,0.10600441327,0.07242215894000001,1.0,0.3149679678,0.06291774503999999,1.0,0.434821536,0.057083447999999995,1.0,1.343138368,0.1719698656,1.0,1.2018132160000001,0.21210592320000002,1.0,12.52897422,0.5749993956,0.6,10.01791188,0.5356769016,0.63,3.4422446399999997,0.24830318399999998,0.63,4.469963043,0.22765103920000002,0.64,6.3621485700000004,0.3379627355,0.65,19.4131197,0.5304710694999999,0.6,5.34916,0.7128849,0.49,13.77507,1.485883,0.49,-99.0,-99.0,0.0,-99.0,-99.0,0.0,-99.0,-99.0,0.0,0.1993730454,0.15770429609999997,0.52,0.7574783931,0.1784736135,0.49,5.355454455,0.25084076130000005,1.06,10.400832750000001,0.3642062025,1.09,16.983315,0.33291074160000006,1.0,2.495621012,0.16983259080000002,1.02,39.2071472,0.22898139760000003,0.84,48.092096870999995,0.31605943707,0.33,60.978579023,5.0347880436,1.1,32.498395949999995,6.4825894912,1.0,1.0,0.49,0.6,1.0,0.0,1.06,0.82,0,0,1,50.5096,1,-99.0,1.7584,223.8,12.11,0,1
9899,4010.969,2620.807,150.0791626,2.2819009,0,228.0,4.075327,0.09459011,1.09236,3.444692,3.418032,0.08919656,1.646582,5.628069,0.1468694,12.8513,4.514,4.97,2.618,8.405,14.03825,0.3493413,0.82,0.2605395405,0.03760426311000001,1.0,0.291447936,0.051963545400000005,1.0,0.6064890744,0.06151287164,1.0,0.24086624500000003,0.147794455,1.0,0.124418931,0.128628297,1.0,0.2646799769,0.1507533861,1.0,0.2882640838,0.12032822339999999,1.0,0.2700769731,0.1261864362,1.0,0.9206049776,0.1553720638,1.0,0.37748250749999995,0.18442376749999997,1.0,0.2328493679,0.05402110816,1.0,0.1828211466,0.07564804938,1.0,0.152791905,0.06534741354000001,1.0,0.254198112,0.059322863999999996,1.0,0.7036504176,0.17956600479999998,1.0,1.203883552,0.21869480959999998,1.0,8.324399525999999,0.6486681501,0.52,6.263383572,0.6189852588,0.5,1.54746752,0.238471936,0.74,2.408800056,0.22926119450000002,0.68,3.9593457200000004,0.3456036545,0.67,14.019677,0.519778969,0.67,2.96003,0.8419704,0.38,15.26262,1.9124,0.32,3.94451,0.178997,1.04,4.76307,0.345912,0.97,6.5647,0.169341,1.02,0.17812712879999998,0.11816176229999999,1.0,0.8528909103,0.130991679,0.98,3.912954624,0.26876733210000003,0.98,7.365540000000001,0.39922743,0.98,14.071336200000001,0.34941905640000004,0.99,1.86303646,0.17821746,1.0,38.89815488,0.216963248,0.75,54.780023142,0.20664109088999996,1.07,62.56925282,5.4257572972000006,1.04,38.70432941999999,6.7126120575999995,0.97,1.0,0.98,0.5,0.98,0.97,1.0,0.82,0,0,1,38.32023,1,-99.0,1.8167,321.0,11.709999999999999,0,1
10039,514.084,2675.667,150.2249756,2.2841661,0,146.0,8.857618,0.119941,1.155646,2.013886,9.558135,0.1131019,1.646582,15.73825,0.1862315,15.43573,2.514,2.615,2.603,6.079,17.83823,0.3136531,0.51,1.266551379,0.02205793341,1.0,1.6796403,0.0300215994,1.0,4.20758382,0.035845272319999996,1.0,1.3764956000000002,0.0870840245,1.0,1.7822468999999999,0.07423776779999999,1.0,1.8549821169999998,0.08837211262999999,1.0,2.2787633329999997,0.07011730418,1.0,2.565436126,0.07388172649,1.0,3.4949234390000004,0.09229176835,1.0,4.088662011,0.1082709068,1.0,2.6085291099999997,0.03154379461,1.0,0.8833773515000001,0.04404566855000001,1.0,1.9071709679999997,0.03827098278,1.0,2.30119488,0.034671048,1.0,5.68990448,0.1042754128,1.0,5.2288776320000006,0.1289718336,1.0,14.55965385,0.4458184146,0.37,11.51157492,0.4580849976,0.32,7.656192959999999,0.268259456,0.2,8.856771754999999,0.21843828499999998,0.26,10.5979408,0.2978226785,0.31,18.009232049999998,0.5474353435,0.21,7.582124,0.5057335,0.36,17.64164,1.025998,0.38,-99.0,-99.0,0.0,-99.0,-99.0,0.0,-99.0,-99.0,0.0,2.419866666,0.09772086438,0.5,4.553827785,0.1081018809,0.49,10.231778160000001,0.16529113980000001,0.9,12.673337250000001,0.23260403250000003,0.98,17.37290232,0.2289597804,0.78,7.170873224,0.1152217704,0.82,42.10552744,0.19723747760000002,0.76,66.732626844,0.31057449344999993,0.25,88.902456501,4.1946790992,1.13,103.15428690999998,5.256203225,1.13,1.0,0.49,0.2,0.78,0.0,1.08,0.51,0,0,1,84.50904,1,-99.0,0.1071,186.79999999999998,10.959999999999999,0,1
10117,766.561,2693.024,150.214447,2.2848911,0,153.0,7.874854,0.09576519,1.152948,2.049,8.888006,0.09030464,1.646582,14.63483,0.148694,13.99505,2.414,2.652,2.62,6.142,16.13557,0.2530511,0.8,-0.019316174040000002,0.022547742720000003,1.0,0.0204379812,0.0304758714,1.0,0.225444538,0.036478784759999994,1.0,-0.059571826,0.08856894600000001,1.0,-0.0334587834,0.07575133649999999,1.0,-0.025691657199999995,0.08939669212,1.0,0.1635284882,0.07168013852999999,1.0,0.08832178706999999,0.07471858020000001,1.0,0.2561405431,0.09353612782,1.0,0.06341756771,0.11052460929999999,1.0,0.14761634229999998,0.03197334604,1.0,0.05195783888,0.04482433604,1.0,0.0779082639,0.03898818924,1.0,0.0869946768,0.0353636208,1.0,0.4340022336,0.1065579216,1.0,0.498828944,0.1312113312,1.0,11.18071623,0.3896922414,0.5,9.56573316,0.3796091352,0.48,1.34095568,0.161509456,0.57,1.727782602,0.1529251516,0.54,2.726873995,0.2191059745,0.59,16.09958915,0.3394138135,0.56,2.243076,0.4323097,0.51,14.19579,0.9813204,0.43,-99.0,-99.0,0.0,-99.0,-99.0,0.0,-99.0,-99.0,0.0,0.1126579596,0.07824960192,0.81,0.09560615453999999,0.09320015717999999,0.69,2.995884207,0.1542725487,1.07,10.59853725,0.2245063275,1.1,15.697473480000003,0.2051642556,1.01,1.02138312,0.104014534,1.04,25.17554856,0.1915287072,0.84,30.163035122999997,0.24193158092999997,0.39,31.899623511,4.727256371,0.92,29.392262302,5.685623939,0.93,1.0,0.69,0.48,1.01,0.0,0.88,0.8,0,0,1,98.42248,1,-99.0,2.4344,11.14,12.4,0,1
10127,4054.981,2651.508,150.0773315,2.2831802,2,390.0,7.796693,0.09459011,1.05462,3.209136,7.247111,0.08919656,1.646582,11.93296,0.1468694,23.7248,4.314,6.635,3.911,11.869,25.02065,0.5205265,0.81,1.0807577205,0.035025853290000006,1.0,1.16805702,0.0484127202,1.0,2.286548616,0.05731397804,1.0,0.8192903450000001,0.137667635,1.0,1.30035129,0.119788851,1.0,1.3905053619999999,0.1404331195,1.0,1.558899573,0.1121221563,1.0,0.922743701,0.1174841998,1.0,2.14977217,0.1447757949,1.0,2.2970039749999995,0.17181923989999998,1.0,1.220448687,0.05033317082,1.0,0.7869978543,0.07051030868000001,1.0,1.3333219379999999,0.06089955941999999,1.0,1.3383326400000002,0.0552696624,1.0,3.4969340639999995,0.16729394239999998,1.0,3.2445784,0.2037067552,1.0,17.25374508,0.6224934588000001,0.49,13.99487472,0.5888768424,0.48,6.18731296,0.2318488,0.68,8.127536572999999,0.2219667177,0.63,9.8975727,0.332287953,0.63,24.97683165,0.49933857499999995,0.63,10.13244,0.746108,0.42,25.99859,1.679732,0.36,9.68537,0.166628,1.04,11.5645,0.324054,0.96,14.0932,0.156097,1.04,1.4860876229999997,0.1094863971,1.01,2.645936748,0.1227033405,0.97,9.65767095,0.2530254087,0.96,15.819552,0.3739557675,0.97,25.0956018,0.3290022792,0.97,5.137048576,0.16687884079999998,0.99,53.53165136,0.22976540639999998,0.73,67.478416317,0.20755472750999998,1.07,70.672183142,5.746604054,0.95,54.16450080199999,6.9146103517999995,0.93,1.0,0.97,0.48,0.96,0.96,0.91,0.82,0,0,1,81.24878,1,-99.0,1.6578,319.90000000000003,10.69,0,1
10166,1473.309,2674.049,150.1849823,2.2841058,2,307.0,5.905532,0.1016538,1.077275,3.035544,5.631914,0.09585745,1.646582,9.273405,0.1578371,16.6406,4.038,4.54,3.632,9.461,17.92651,0.4287894,0.71,1.0674013518,0.03345769761,1.0,1.2618418800000002,0.0451871862,1.0,2.0298698639999997,0.05407211216,1.0,1.0050917050000001,0.130753345,1.0,1.4715752100000001,0.112254954,1.0,1.4043527809999998,0.1320491171,1.0,1.397236148,0.1067326722,1.0,1.335458586,0.11077714450000001,1.0,1.639354632,0.1382128202,1.0,1.845949476,0.16421134799999998,1.0,1.280951921,0.04742271276,1.0,0.7463030750999999,0.06647298043,1.0,1.4404323479999999,0.05781371736,1.0,1.15511184,0.052438449600000006,1.0,2.896711168,0.1579966544,1.0,2.743809568,0.19365216,1.0,13.20499452,0.6401184816,0.41,11.362076400000001,0.6119504232,0.4,4.2908864,0.28593188799999997,0.4,6.257399628999999,0.27297106720000003,0.37,8.94462483,0.3925079335,0.4,17.896258149999998,0.66098826,0.32,6.746598,0.6895224,0.44,15.74604,1.567252,0.37,7.1836,0.16025,1.01,-99.0,-99.0,0.0,11.3426,0.150687,1.02,1.2724308749999997,0.08618490204,1.48,2.427478092,0.09313091775,1.51,8.607208644,0.23647061519999998,0.99,12.94405875,0.34831503,1.0,18.514064880000003,0.303365826,1.01,3.7280294840000003,0.15562339919999998,1.01,33.889857199999994,0.1902005768,1.21,38.566294883999994,0.21709459745999998,0.92,35.68384351,5.0811077949,1.14,32.566471361999994,5.885782357199999,1.16,1.0,1.48,0.37,0.99,0.0,1.09,0.71,0,0,1,58.75301,1,-99.0,1.803,211.10000000000002,9.461,0,1
10239,3909.082,2714.165,150.0834045,2.2857902,0,308.0,8.161166,0.09517221,1.083609,2.893908,7.318772,0.09030464,1.646582,12.05095,0.148694,21.79537,3.887,4.407,3.366,8.974,23.61767,0.3781843,0.81,1.393269942,0.03157816059,1.0,1.9355739,0.0436843368,1.0,3.3567882919999996,0.051700095919999994,1.0,1.24178865,0.124364435,1.0,1.90897308,0.10796055480000001,1.0,2.135351878,0.1265187839,1.0,2.062456088,0.10114117474999999,1.0,2.47869435,0.10591495529999999,1.0,2.82888239,0.13043417940000002,1.0,2.955500394,0.1549514162,1.0,2.527404667,0.04539660802,1.0,0.9926564383,0.06350031519,1.0,2.1622418999999997,0.05490985584,1.0,2.21519328,0.0498375168,1.0,4.387192991999999,0.1509917136,1.0,4.268502624,0.1837456864,1.0,16.21740693,0.5084477673,0.6,14.7789156,0.5102772636,0.52,5.49443104,0.219060272,0.62,8.018940436,0.2050837516,0.6,11.150378650000002,0.3043019245,0.61,24.025445899999998,0.45747356,0.61,10.28085,0.5933706,0.54,20.41505,1.193367,0.58,9.69527,0.151367,1.03,12.378,0.290465,0.97,14.0307,0.141823,1.03,1.9924618289999998,0.0989486904,1.01,3.068705133,0.1106850069,0.97,10.931922720000001,0.22792462200000002,0.96,15.98922675,0.3363719625,0.97,23.53686516,0.2960757108,0.97,5.360493856000001,0.151146932,0.98,39.94522216,0.19968361440000001,0.89,46.888916372999994,0.18350257185,1.08,48.297953667,5.0790110656000005,1.1,47.62000899999999,6.536505259799999,0.93,1.0,0.97,0.52,0.96,0.97,1.05,0.81,0,0,1,81.04536,1,-99.0,2.0613,172.2,12.76,0,1
10241,4750.098,2711.511,150.0483398,2.2856824,0,301.0,14.16569,0.09761292,1.099373,2.461867,13.91687,0.09204701,1.646582,22.91526,0.1515629,31.72176,3.316,3.764,3.137,8.006,34.87405,0.3416344,0.77,0.8736915228000001,0.026989175100000002,1.0,1.2765550200000002,0.036764800800000004,1.0,5.266512416,0.04383034304,1.0,0.6361182950000001,0.10530362450000001,1.0,1.046448165,0.0911085105,1.0,1.471118279,0.10785585209,1.0,1.55059751,0.08592171049,1.0,2.3482509929999997,0.08996793673999999,1.0,4.125295486,0.11190110130000001,1.0,4.561372312,0.1324893458,1.0,2.621859004,0.038495990060000006,1.0,0.6096260147000001,0.05416350485,1.0,1.728684678,0.046689982139999996,1.0,2.62909536,0.0424264224,1.0,7.375714319999999,0.12785716319999998,1.0,7.591938944,0.1567530496,1.0,26.30223315,0.4852836456,0.48,21.53080896,0.4510983264,0.49,10.514643199999998,0.19057766399999998,0.6,12.72940292,0.1801191002,0.56,15.724342400000001,0.268348442,0.56,34.0346505,0.3977600835,0.59,12.72653,0.559212,0.44,25.79586,1.193008,0.42,-99.0,-99.0,0.0,-99.0,-99.0,0.0,-99.0,-99.0,0.0,2.1293921369999995,0.11568236159999999,0.53,5.940743094,0.1285493625,0.53,15.14478015,0.20894443560000003,0.84,23.897406750000002,0.2967592425,0.91,34.29094716,0.2876748408,0.77,10.1462494,0.1420569436,0.81,42.30228944,0.2351239352,0.37,39.063255309,0.20347345629,0.73,41.134346027,4.9762994335,0.97,35.32513279599999,6.4600478379999995,0.83,1.0,0.53,0.48,0.77,0.0,0.93,0.77,0,0,1,151.193,1,-99.0,0.6843,147.4,12.3,0,1
10324,4033.118,2752.178,150.0782318,2.2873745,3,203.0,7.07185,0.09345726,1.12659,2.230725,8.046968,0.0881283,1.646582,13.24999,0.1451104,14.00274,2.662,3.056,2.848,6.874,15.77535,0.2774543,0.84,0.40346501160000003,0.024333697800000005,1.0,0.48855128400000003,0.0336747372,1.0,3.325577068,0.03986116552,1.0,0.45599007500000005,0.0957838835,1.0,0.259712985,0.0831890703,1.0,0.4289915296,0.09753504583999999,1.0,0.5298752151,0.07798611974999999,1.0,1.053337373,0.08155610892000001,1.0,2.508226376,0.10058405089000001,1.0,2.5618874539999994,0.11943306479999999,1.0,1.177004194,0.035003890589999996,1.0,0.3714602663,0.04900975138,1.0,0.7501027272,0.04235515536,1.0,1.17615168,0.038423016000000004,1.0,5.2853673599999995,0.116365912,1.0,5.714741728,0.1415722688,1.0,13.03070349,0.3705347766,0.67,11.483715120000001,0.36963060480000004,0.59,7.291139680000001,0.163705456,0.66,8.357169639,0.1496913184,0.67,10.63049535,0.2225434975,0.68,16.144455349999998,0.352601849,0.61,9.663782,0.4168957,0.65,14.96985,0.8256251,0.72,9.5637,0.115897,1.04,11.0785,0.222907,0.98,11.4765,0.109066,1.03,0.8751239124,0.09022511744999999,0.72,3.9763631699999995,0.08814179438999999,0.91,9.778987800000001,0.17581407840000002,0.96,12.2726415,0.260983905,0.96,15.67336032,0.229670586,0.96,7.006181576,0.1165507216,0.98,23.40839,0.207273964,0.78,23.690782907999996,0.17460653768999998,1.07,17.350289421,4.8964219764,0.97,40.830274416,6.0917543605999995,0.89,1.0,0.72,0.59,0.96,0.98,0.93,0.84,0,0,1,91.3097,1,-99.0,0.9187,72.19,8.925,1,0
10422,983.417,2775.854,150.2053986,2.2883439,3,232.0,4.961792,0.09345726,1.085406,2.548866,4.805022,0.0881283,1.646582,7.911861,0.1451104,11.65181,3.485,4.039,3.395,8.85,12.64694,0.3656387,0.84,0.5311899993000001,0.0281164665,1.0,0.563076228,0.0378598194,1.0,1.052739688,0.04540083592,1.0,0.41395365,0.110034575,1.0,0.660696834,0.0943464501,1.0,0.5596472704,0.1108182068,1.0,0.6634888491,0.08946543605999999,1.0,0.7341715293,0.09269695567,1.0,0.8204367271,0.1160763415,1.0,0.8454473719999999,0.13767640669999998,1.0,0.6870611018,0.03971006741,1.0,0.3894044991,0.05577806376,1.0,0.6055749563999999,0.048602035739999994,1.0,0.643451568,0.0440793312,1.0,1.4417459679999998,0.1328443376,1.0,1.310741504,0.16304316800000002,1.0,7.826026109999999,0.4288383753,0.64,6.22505982,0.4362032496,0.56,1.91356512,0.19591931199999998,0.6,3.0491724380000003,0.1799191589,0.6,4.040929995,0.2629467615,0.63,11.730288199999999,0.4170464865,0.57,3.700525,0.4838545,0.63,9.756668,0.9779411,0.67,-99.0,-99.0,0.0,-99.0,-99.0,0.0,-99.0,-99.0,0.0,0.5978643963,0.09462541937999999,0.86,1.180109853,0.1051458525,0.84,4.074886656,0.19830159630000002,1.0,6.610641975,0.29203408500000005,1.01,12.39755364,0.2567577024,1.0,1.7178253840000002,0.1310935688,1.01,38.32119944,0.2014493896,0.87,48.690084221999996,0.24220294370999995,0.56,59.938324269000006,5.0592873569000005,0.98,35.085726862,5.8304623613999995,1.01,1.0,0.84,0.56,1.0,0.0,0.94,0.84,0,0,1,54.52303,1,-99.0,1.9517,337.1,10.200000000000001,0,1
10458,4215.016,2796.518,150.0706482,2.2892225,0,189.0,3.193862,0.08979083,1.085588,3.227887,2.657814,0.08467093,1.646582,4.376307,0.1394176,9.496629,4.363,3.959,3.157,8.838,10.30943,0.3507673,0.91,-0.029408663160000004,0.035210623770000005,1.0,0.0515241792,0.0487010004,1.0,0.19612769,0.05768705976,1.0,-0.13013277,0.138414735,1.0,-0.019705776300000002,0.120268554,1.0,-0.19657398829999997,0.1411335852,1.0,0.1781747198,0.1128711353,1.0,-0.005977576605000001,0.11784295160000001,1.0,-0.03476723934,0.1457329165,1.0,-0.017624966449999998,0.17288278489999998,1.0,0.07573356766,0.05065976301,1.0,0.040516528520000004,0.07102805491,1.0,0.0941062092,0.06132473976,1.0,-0.08207097120000001,0.055614672000000004,1.0,0.46105067839999997,0.1682822544,1.0,0.2736201504,0.2048218752,1.0,5.699413671,0.4842196653,0.82,3.918391152,0.4753958496000001,0.75,0.6656808000000001,0.225506752,0.73,1.353448057,0.2021097455,0.77,2.114413075,0.301134535,0.78,9.58172268,0.463364775,0.74,1.52249,0.5506924,0.78,7.885789,1.093131,0.86,2.08395,0.166213,1.05,3.02426,0.326652,0.96,3.76231,0.158056,1.02,-0.05979141264,0.129430197,0.73,0.1911241332,0.1361715264,0.8,1.838181582,0.2574673992,0.94,4.703691300000001,0.38237965500000004,0.94,10.47624804,0.33851874600000004,0.93,0.626521094,0.169606688,0.97,28.71173112,0.24124614160000002,0.62,39.890703527999996,0.21205460132999998,1.01,42.412608162,5.7059883298,0.85,38.63364223,7.483369950799999,0.8,1.0,0.73,0.73,0.93,0.96,0.81,0.81,0,0,1,31.38992,1,2.247,1.8484,209.1,10.19,0,1
10497,355.818,2810.631,150.2315674,2.289788,2,214.0,5.210267,0.1538409,1.099558,2.940963,4.299795,0.1450689,1.646582,7.079963,0.2388677,13.93578,4.119,4.275,2.755,7.996,15.3232,0.5376673,0.31,0.6267153801,0.03213127533,1.0,0.689539266,0.0439007244,1.0,1.2036828320000001,0.0523891522,1.0,0.677611265,0.12728535500000002,1.0,0.488972064,0.10834632059999999,1.0,0.7233522565,0.12929798139999998,1.0,0.4703904589999999,0.10223784879,1.0,0.6593607559,0.1082257979,1.0,0.8847990991000001,0.1351407032,1.0,1.0380908229999999,0.1577166332,1.0,0.7947044000000001,0.04612965432,1.0,0.718029985,0.06429462306,1.0,0.5730038874,0.05599708008,1.0,0.74714232,0.0506564016,1.0,1.7513425280000001,0.1518226112,1.0,1.782626624,0.1879823008,1.0,10.898378339999999,0.7371482475,0.29,7.464188172,0.8499647220000001,0.2,3.4415907199999998,0.47098441599999996,0.14,4.390662653000001,0.4234611849,0.15,5.5938908750000005,0.570191459,0.18,18.5287301,1.062732745,0.12,3.410126,0.8862529,0.25,15.95574,1.44245,0.41,-99.0,-99.0,0.0,-99.0,-99.0,0.0,-99.0,-99.0,0.0,-99.0,-99.0,0.0,-99.0,-99.0,0.0,5.104729818,0.2637730431,0.75,10.0837275,0.3678510675,0.83,15.81745824,0.38142855,0.6,2.819975844,0.1902139384,0.64,46.25967368,0.22526665680000002,0.64,68.90148813599998,0.41939909036999995,0.15,50.16954302,5.288229319500001,1.02,50.931880965999994,6.562245547999999,0.83,1.0,0.0,0.14,0.6,0.0,0.98,0.31,0,0,1,29.63968,1,-99.0,1.8068,84.38,9.063,0,1
10540,1186.096,2762.593,150.1969452,2.2877927,2,935.0,80.09782,0.09825301,1.063382,3.221478,75.21333,0.0926506,1.646582,123.8449,0.1525568,242.6536,4.351,6.026,3.557,10.787,258.0334,0.4781732,0.77,3.4381430340000003,0.03555503403,1.0,5.39081946,0.04786242240000001,1.0,36.928193279999995,0.05738423548,1.0,3.06466445,0.13895096,1.0,5.27849154,0.11923569,1.0,6.03102047,0.13999384439999998,1.0,7.278166511,0.11326672279999998,1.0,19.42600913,0.1172006055,1.0,30.2862069,0.1466028427,1.0,33.04343153999999,0.17416511629999998,1.0,20.068243499999998,0.05020349307,1.0,1.359235913,0.07050484696,1.0,10.50269052,0.06144065568,1.0,20.0177616,0.0557171808,1.0,54.54748832,0.16791107839999997,1.0,57.442482240000004,0.2057779328,1.0,200.5161561,0.5749945461,0.57,171.84963480000002,0.594103152,0.48,80.1743008,0.279837744,0.47,92.65434386,0.2541205628,0.48,116.739231,0.380181732,0.48,262.99879300000003,0.6128207565,0.42,108.6078,0.637352,0.58,225.9901,1.254878,0.65,108.462,0.174266,0.96,-99.0,-99.0,0.0,166.815,0.163693,0.98,15.61149627,0.11052666959999999,1.01,43.073626049999994,0.1204785504,1.02,113.3703603,0.252943272,0.98,188.64221250000003,0.37271388,0.99,262.34537040000004,0.3242987604,1.0,74.43903696000001,0.16628714560000002,1.0,211.14862960000002,0.1746461608,1.07,186.70946346,0.23023111760999998,0.69,174.4741747,5.7172930029,0.85,307.07593884,7.234492885,0.82,1.0,1.01,0.47,0.98,0.0,0.81,0.76,0,0,1,811.7954,1,0.441,0.4363,374.59999999999997,11.04,0,1
10553,1943.376,2801.22,150.1653748,2.2894073,2,592.0,30.40374,0.09236415,1.074015,2.944773,29.63781,0.08709753,1.646582,48.80108,0.1434132,83.36208,3.896,4.956,3.524,9.737,89.53213,0.4025129,0.86,1.409963907,0.032323226010000004,1.0,1.94590656,0.0440102364,1.0,9.8001772,0.05250575748,1.0,1.2938446500000003,0.126480415,1.0,1.76306991,0.1088279157,1.0,2.282460468,0.1280082179,1.0,2.453243793,0.10322386382,1.0,3.771182888,0.107946212,1.0,8.217517554,0.1341024696,1.0,8.954289224999998,0.15882474579999997,1.0,4.4802243509999995,0.046226545620000004,1.0,0.9900124693,0.06451557446,1.0,2.605946424,0.0560682696,1.0,4.53875952,0.050849198400000004,1.0,14.23061952,0.1531355904,1.0,14.786912000000001,0.1881548288,1.0,60.58887708,0.4685053455,0.73,48.01405152,0.4689200988,0.64,20.9717024,0.231315904,0.58,27.26977175,0.2066977705,0.61,31.910286550000002,0.3039694525,0.63,91.70459285,0.48074032249999993,0.57,29.88151,0.5341527,0.69,78.6309,1.027573,0.81,31.1328,0.160397,0.95,37.3399,0.322565,0.83,46.0046,0.149416,0.97,3.6435721919999997,0.1018502895,1.0,10.82368638,0.1102955958,1.01,30.730643819999997,0.226782261,1.0,55.2728715,0.33394105500000004,1.01,90.95106276,0.29380578120000006,1.01,19.8841724,0.1496544612,1.02,130.9163696,0.16943120800000003,1.15,100.84751001,0.17837208674999996,1.07,112.90952521000001,5.3255238004,1.01,100.96818642799998,6.220133294599999,1.05,1.0,1.0,0.58,1.0,0.83,0.96,0.86,0,0,1,340.2831,1,0.728,0.7462,437.5,10.02,1,1
10657,2380.22,2853.182,150.1471558,2.291575,0,230.0,3.569835,0.09028829,1.086619,3.492011,2.776142,0.08514003,1.646582,4.571145,0.14019,11.4722,4.709,4.563,3.104,8.769,12.4659,0.3476821,0.91,0.23766462000000002,0.03822690612000001,1.0,0.309131082,0.0523899324,1.0,0.624449782,0.062348879999999995,1.0,0.49538393500000005,0.1500948,1.0,0.31239016199999997,0.129302775,1.0,0.3832842539,0.1517010115,1.0,0.31651008620000004,0.12212471809999999,1.0,0.3539497368,0.128148548,1.0,0.8065199357,0.1588568381,1.0,0.5051109462,0.1879587885,1.0,0.2817706661,0.05487042402,1.0,0.1714123583,0.07642199993,1.0,0.3226720902,0.0664112496,1.0,0.370671456,0.0603225984,1.0,1.182208976,0.1818726624,1.0,0.7864423776,0.2234692064,1.0,7.0022221469999995,0.5302549988999999,0.81,6.371744028,0.4919823468000001,0.82,1.52013952,0.251364896,0.7,2.677832183,0.2258583288,0.72,4.0262853949999995,0.33519312500000004,0.73,12.538789249999999,0.5184764345,0.69,4.529848,0.5706953,0.85,10.01006,1.211077,0.82,3.9293,0.181285,1.04,5.26633,0.311151,1.24,6.32181,0.170329,1.04,0.19696265789999998,0.1048280061,1.32,0.6391896732,0.1198619019,1.2,4.282314867,0.2679318036,1.0,7.215186825000001,0.39474566250000004,1.01,12.17898576,0.3488670684,1.01,1.7378541720000003,0.17705108320000001,1.02,24.8507,0.1789996576,1.1,30.368712698999996,0.18772046162999997,1.04,32.493874133000006,4.9261816814,1.15,44.13219624799999,6.4761922212,1.01,1.0,1.2,0.7,1.0,1.04,1.1,0.9,0,0,1,32.60678,1,-99.0,1.7979,135.9,10.51,1,1
10693,4050.004,2871.073,150.0775299,2.2923284,3,248.0,15.99799,0.0852299,1.097893,2.506136,17.14079,0.08037007,1.646582,28.22372,0.1323359,36.51825,3.178,4.143,2.91,8.09,40.09314,0.3017631,1.01,0.47930348070000006,0.02732365275,1.0,0.617420544,0.037851099,1.0,1.775646444,0.0448157864,1.0,0.25505753000000003,0.10767494400000001,1.0,0.5328387330000001,0.0933585513,1.0,0.4510254391,0.1094831127,1.0,0.5488085603,0.08767864644,1.0,0.8327491083999999,0.09147048547999999,1.0,1.1689354490000001,0.1129494739,1.0,1.087510214,0.13416873399999998,1.0,0.9222847959,0.03934873137,1.0,0.3581113261,0.05506319909,1.0,0.6086005109999999,0.04762224804,1.0,0.7801740480000001,0.0431848416,1.0,3.026926864,0.1308140496,1.0,3.2760626559999997,0.1590186368,1.0,28.653076770000002,0.3327911181,1.05,23.93459028,0.3244023444,0.97,6.03593536,0.15939446399999999,0.88,9.648491007999999,0.14681293639999998,0.88,15.233649350000002,0.21640859750000002,0.91,39.998419399999996,0.33343468499999995,0.86,13.24985,0.3650488,1.07,36.39627,0.7504323,1.1,13.44,0.130819,1.03,18.5647,0.251834,0.97,23.0705,0.123701,1.01,0.7373867588999999,0.08649931805999998,0.99,1.902054726,0.09552739832999999,0.98,13.86939546,0.1985772735,0.95,27.365315250000002,0.2930186175,0.96,39.90350304,0.2592571428,0.95,4.91418932,0.1309016932,0.98,74.49344344000001,0.23308515600000002,0.77,89.915119983,0.21439752632999998,1.01,88.40403915499999,5.6953882541,0.91,59.34118226,7.078913393399999,0.89,1.0,0.98,0.88,0.95,0.97,0.87,0.87,0,0,1,213.2733,1,-99.0,1.8425,25.77,10.17,0,1
10750,4541.418,2884.396,150.0570374,2.2928851,1,137.0,2.315507,0.08742126,1.125775,2.576362,2.264955,0.08243648,1.646582,3.729433,0.1357384,5.29909,3.397,3.632,2.414,6.899,5.965584,0.2605301,0.96,0.06012867018000001,0.02814016116,1.0,-0.0138780096,0.038743621799999996,1.0,0.030476279679999996,0.046009611119999995,1.0,0.11032763100000001,0.110264971,1.0,-0.012422193000000002,0.0956507748,1.0,0.25334948549999997,0.11260876549999999,1.0,0.1118183451,0.09004193891,1.0,0.1154739872,0.09387512463999999,1.0,-0.1650973926,0.11672929309999999,1.0,0.07602979335,0.1382527468,1.0,-0.01090770937,0.04041600372,1.0,-0.03636649023,0.05673398889,1.0,0.01519775118,0.048923134019999995,1.0,0.10040207999999999,0.0443915088,1.0,-0.02450396624,0.1340777152,1.0,-0.0868144064,0.1636768928,1.0,2.5808651040000004,0.3359588115,1.09,1.809064308,0.3285917028,1.01,0.043795169599999996,0.161758336,0.91,0.1458354456,0.1473084431,0.92,0.05951931555,0.2184746735,0.94,5.449757865,0.354172166,0.81,0.2847778,0.3684542,1.11,5.104316,0.7611509,1.13,0.473752,0.136062,1.0,1.15896,0.264979,0.92,1.51463,0.129071,0.98,0.01823643363,0.120032223,0.54,-0.09437518818,0.135439317,0.52,0.7530490917000001,0.20634060780000002,0.94,2.3228982000000005,0.3024230475,0.96,5.997601404000001,0.2749587804,0.91,0.15915844720000002,0.13558137839999998,0.97,24.05346544,0.24265140480000003,0.45,36.796813794,0.18581634044999998,0.89,37.870424034,4.861222217400001,1.01,43.898479126,5.8998965324,1.02,1.0,0.52,0.91,0.91,0.92,0.97,0.96,0,0,1,27.47515,1,-99.0,2.6284,167.7,9.091999999999999,0,1
10802,4058.515,2890.841,150.077179,2.2931519,3,229.0,3.859635,0.08439837,1.050841,3.323292,4.135231,0.07958595,1.646582,6.808996,0.1310448,12.20613,4.349,10.952,2.591,12.412,12.82669,0.4861532,1.03,1.1436598626,0.036230331840000005,1.0,1.2253683,0.050195535,1.0,1.879791144,0.05943632288,1.0,0.9924428200000001,0.14278768,1.0,1.25046663,0.123777843,1.0,1.2026424039999999,0.1451626121,1.0,1.010298828,0.11628162699999998,1.0,1.170603115,0.1212601126,1.0,1.507821385,0.1497692524,1.0,1.4762004599999998,0.17791284629999998,1.0,1.4315444899999998,0.052184577610000005,1.0,1.249331211,0.07301972076,1.0,1.1468128499999999,0.06315889488,1.0,1.2608856,0.057271228800000004,1.0,2.347952048,0.17347871839999998,1.0,3.266594656,0.2108611968,1.0,10.46977953,0.4351475748,1.08,8.842067772,0.4217114316,1.01,4.7561456,0.20674412799999997,0.92,5.526696278999999,0.1904165601,0.92,6.37150924,0.2824221005,0.94,12.453503049999998,0.434597861,0.89,6.210859,0.4752752,1.11,9.014888,0.9775056,1.14,6.71848,0.174296,1.02,7.78759,0.334003,0.97,9.46708,0.163204,1.02,1.0089739989,0.1147100874,0.99,1.71505971,0.12801331529999999,0.96,6.880270365,0.2633481981,0.95,10.11634575,0.3905960625,0.95,13.120657920000001,0.3437907156,0.95,4.806578300000001,0.1735774732,0.98,22.101911280000003,0.2806273616,0.75,26.0751933,0.25838151768,1.0,26.338804327000002,6.747227713500001,0.91,36.77101098199999,8.2808557438,0.94,1.0,0.96,0.92,0.95,0.97,0.87,0.87,0,0,1,51.95931,1,-99.0,1.4829,46.760000000000005,10.66,1,0
10819,3073.182,2866.592,150.1182709,2.2921374,2,666.0,39.16282,0.08979083,1.066417,3.02776,36.85547,0.08467093,1.646582,60.68554,0.1394176,111.1906,4.135,5.192,3.883,10.462,118.5756,0.4246747,0.91,3.945543834,0.033085404240000005,1.0,4.14367044,0.0455958282,1.0,12.1345818,0.054126460519999996,1.0,3.78339875,0.13061718000000003,1.0,4.24597257,0.112536543,1.0,4.188245236,0.13175015099999998,1.0,5.2328103519999996,0.1057980308,1.0,7.1866804019999995,0.1108893797,1.0,9.404510562,0.1370042514,1.0,10.250345419999999,0.1625917209,1.0,6.627922779,0.04746058845,1.0,3.4770550820000006,0.06610518324,1.0,5.170707287999999,0.057461310599999996,1.0,7.11297984,0.0522689088,1.0,22.291220640000002,0.1582900176,1.0,25.27164896,0.1934282944,1.0,78.10323429,0.4238278719,0.96,66.84576528,0.4116148512,0.88,32.4855744,0.21974835199999998,0.69,37.75365035,0.19295204759999998,0.74,47.36172485,0.27690168,0.8,116.5965425,0.4312985785,0.75,40.82025,0.4608362,0.98,100.4353,0.9461586,1.01,46.4779,0.159643,1.01,56.9237,0.314915,0.92,64.5687,0.1491,1.02,5.911863543,0.09140006718,1.3,14.68410021,0.1047787767,1.18,46.4855958,0.23370251400000003,0.99,72.48413550000001,0.3440527125,1.0,116.6399064,0.3047235228,1.0,31.868552240000003,0.15469143200000002,1.01,218.61018,0.16425513600000002,1.22,215.80963326,0.18510127973999999,1.11,192.26305091000003,5.6804291093,0.9,157.54847614,6.8830194694,0.86,1.0,1.18,0.69,0.99,0.92,0.87,0.87,0,0,1,435.2789,1,-99.0,1.1603,279.3,11.16,0,1
10881,2277.452,2912.676,150.1514435,2.2940531,2,350.0,13.67985,0.08399163,1.088331,2.674919,13.43648,0.07920241,1.646582,22.12427,0.1304132,33.62259,3.599,4.767,2.894,8.654,36.5925,0.3204701,1.04,1.59986823,0.029292463590000005,1.0,1.8380778,0.040092241800000004,1.0,6.723443892000001,0.04774636768,1.0,1.3353087,0.11493217700000001,1.0,1.98706116,0.09896128200000001,1.0,2.1840391009999998,0.11618664499999999,1.0,2.591288007,0.09358323820999999,1.0,3.563096823,0.09814747777999999,1.0,4.330427734000001,0.1216629305,1.0,6.936025201,0.14397158019999998,1.0,3.224513103,0.04203800323,1.0,1.384645324,0.05853176368,1.0,2.584738656,0.05091746555999999,1.0,3.48618384,0.0462187008,1.0,9.64637232,0.139275968,1.0,10.898719999999999,0.1711612416,1.0,25.16473443,0.3466926948,1.11,22.92351564,0.33609684959999997,1.03,12.4602992,0.16590536,0.94,14.46116503,0.1513574959,0.94,19.673436900000002,0.223799173,0.96,35.408728399999994,0.3475705695,0.9,15.91883,0.3791487,1.13,31.89164,0.804638,1.09,17.042,0.140329,1.02,20.1467,0.236576,1.26,21.0431,0.131238,1.03,2.7229767,0.08038474854,1.32,7.376300801999999,0.08791445987999999,1.31,18.706208580000002,0.205407837,1.0,23.59895475,0.30257267250000003,1.01,35.51984676,0.2671447608,1.01,11.7266238,0.13565793960000003,1.02,53.3414708,0.17445867360000003,1.07,40.87842864299999,0.18632053790999997,0.98,44.59479248,4.7540029686,1.11,32.47637030799999,6.076378707199999,0.95,1.0,1.31,0.94,1.0,1.02,1.07,1.04,0,0,1,169.6474,1,-99.0,0.9492,133.20000000000002,11.07,0,1
10938,3293.359,2918.91,150.1090851,2.2943182,2,332.0,10.6195,0.0860865,1.084354,2.834568,9.747444,0.08117783,1.646582,16.04996,0.1336659,27.76002,3.863,3.954,3.708,8.922,30.1017,0.3398429,0.99,0.4324610526,0.03094917507,1.0,0.6165180840000001,0.0427209354,1.0,1.675906628,0.05068816808,1.0,0.479991265,0.122361725,1.0,0.540981441,0.1053896361,1.0,0.6531524259,0.1234870302,1.0,0.8604038674,0.09907536407999999,1.0,0.9163953975,0.103697308,1.0,1.2573576679999998,0.1279693885,1.0,1.7231657379999998,0.15206059959999998,1.0,0.7738179633,0.04442495466,1.0,0.179231307,0.06188314955000001,1.0,0.7010592978,0.05380511376,1.0,0.840929664,0.0489126576,1.0,2.794320256,0.1483165632,1.0,2.857080512,0.1807908288,1.0,20.02300356,0.3809757501,1.04,16.591691400000002,0.3541443336,1.04,4.8239288,0.175764912,0.94,7.8064327769999995,0.1602544008,0.94,10.55272065,0.24043266800000002,0.93,29.2840879,0.3643913525,0.92,9.886536,0.4072196,1.1,27.74277,0.8605936,1.07,9.90484,0.148215,1.03,12.8098,0.208213,1.84,15.6177,0.137886,1.05,0.707273661,0.08765224445999999,1.24,1.971614619,0.09389332836,1.29,10.041636420000001,0.22019999580000002,0.98,18.910206,0.3240129375,0.99,29.000093760000002,0.2852431884,1.0,3.9067289960000005,0.14509481640000002,1.01,61.780124,0.1657104936,1.17,76.08724952399999,0.16731931202999997,1.09,77.357055993,5.0007535803000005,1.12,58.072143649999994,6.514270252599999,0.92,1.0,1.24,0.93,0.98,1.03,1.07,0.99,0,0,1,120.0752,1,-99.0,1.8115,325.0,10.75,0,1
10943,2185.252,2931.428,150.1552887,2.2948339,3,265.0,8.598612,0.0828058,1.103536,2.291443,9.965775,0.0780842,1.646582,16.40946,0.128572,17.85463,2.708,3.558,3.15,7.8,19.70323,0.2816573,1.07,0.2203567479,0.02510568897,1.0,0.25456977,0.0343148754,1.0,0.6051905992,0.040889186359999996,1.0,0.417548165,0.09842331550000001,1.0,0.343909209,0.0847277928,1.0,0.22500059169999997,0.09952883672999999,1.0,0.2926366443,0.08020056583,1.0,0.3568898982,0.08406376396000001,1.0,0.7491788212,0.1042208088,1.0,0.5243813687,0.123350962,1.0,0.4319512024,0.03600950484,1.0,0.1328824063,0.05014479610000001,1.0,0.47456573999999996,0.043640107559999995,1.0,0.5422469280000001,0.0395955744,1.0,1.196313664,0.11926913439999999,1.0,1.540877024,0.146594096,1.0,14.16820221,0.2940804693,1.13,12.08794224,0.2797775556,1.09,2.37262672,0.139697808,0.97,4.293270956,0.12630301579999997,0.99,7.118670795,0.1877744465,1.0,19.5281146,0.28972954949999996,0.95,6.168084,0.3178383,1.18,16.73941,0.6739999,1.14,6.15685,0.120306,1.02,8.9716,0.205306,1.23,11.2673,0.112535,1.03,0.32315633879999994,0.07026396275999999,1.27,0.7966749023999999,0.07904142206999999,1.19,6.748549533,0.1760991966,1.0,13.180965,0.25935798000000004,1.01,19.91495232,0.2287767528,1.01,1.9622919120000002,0.1162577096,1.02,37.464742400000006,0.15452498,1.14,43.83466892999999,0.16833791168999998,1.07,40.161228766,4.8726132087,0.87,31.44533129,5.689623025799999,0.94,1.0,1.19,0.97,1.0,1.02,0.84,0.84,0,0,1,127.6286,1,-99.0,1.9409,23.470000000000002,12.28,0,1
11011,4686.897,2942.659,150.0509796,2.2953129,3,263.0,20.49401,0.0860865,1.124177,2.074493,23.4012,0.08117783,1.646582,38.53199,0.1336659,37.81848,2.487,3.04,2.927,6.95,42.51469,0.2585435,0.99,0.7142348379,0.02268213213,1.0,0.996489234,0.0311224992,1.0,4.8659898319999995,0.03701794624,1.0,0.37153283000000004,0.08873077750000001,1.0,0.9725449650000001,0.07684152000000001,1.0,0.9560720018,0.09064177259999999,1.0,1.2742031609999998,0.07245264180000001,1.0,1.979818907,0.0755643526,1.0,3.544026616,0.09411668696,1.0,4.320048887,0.11143014189999999,1.0,2.096923472,0.0325359028,1.0,0.5752283504,0.04565042119,1.0,1.418516412,0.03936631368,1.0,2.14586304,0.035734440000000006,1.0,7.6110130719999995,0.1078431744,1.0,7.841700576,0.13192416640000001,1.0,28.27423383,0.2727465489,1.08,24.012786600000002,0.2540190456,1.1,11.326284799999998,0.123194624,1.02,13.52153751,0.1136246124,1.0,19.955741250000003,0.168341656,1.02,40.6718166,0.2609525305,0.97,14.54367,0.2940431,1.13,39.38964,0.632794,1.06,-99.0,-99.0,0.0,-99.0,-99.0,0.0,-99.0,-99.0,0.0,1.7580706739999998,0.09772786719,0.53,5.847692292,0.1096245657,0.52,18.6686334,0.1730695797,0.87,25.914750750000003,0.2484563025,0.92,40.66582752,0.2339296092,0.82,10.29162116,0.1147217596,0.88,63.887190880000006,0.2495395944,0.37,51.535165733999996,0.1990726101,0.77,57.41997071,4.7521340792,0.95,38.038685545999996,5.910133221799999,0.9,1.0,0.52,0.99,0.82,0.0,0.91,0.91,0,0,1,288.2708,1,-99.0,0.8924,249.0,11.09,0,1
11013,2184.55,2948.503,150.1553192,2.2955453,3,281.0,5.638038,0.08242155,1.083039,2.818844,5.584648,0.07772186,1.646582,9.195578,0.1279754,14.67421,3.701,3.968,3.775,9.018,15.89275,0.3293275,1.08,0.03884332629,0.030883715580000005,1.0,0.0785242614,0.042210285,1.0,0.3035884676,0.05030046472,1.0,0.006113808500000001,0.12107358,1.0,-0.0739190046,0.1042229895,1.0,-0.01688942605,0.12243039549999998,1.0,0.025798528909999997,0.0986584676,1.0,0.05121111798,0.1034077011,1.0,0.206703793,0.128187377,1.0,-0.012225095259999997,0.15172229099999998,1.0,0.1173138329,0.04429762579,1.0,0.09579261056,0.06167783853,1.0,0.08643740202,0.053692459139999996,1.0,0.075371328,0.0487143888,1.0,0.4268085744,0.1467272144,1.0,0.5914731136,0.1803430976,1.0,8.551327029000001,0.3601966125,1.14,6.014024195999999,0.3410521164,1.11,0.89342064,0.168405872,1.01,1.7025532939999999,0.15231277099999999,1.03,3.1865165350000004,0.227571147,1.03,15.68710305,0.34910450849999997,0.99,2.459487,0.3943485,1.16,13.70139,0.8255155,1.15,3.00253,0.14874,1.01,4.04585,0.251562,1.24,6.20253,0.138436,1.03,0.07387842762,0.08610553685999998,1.28,0.2543233212,0.09723915629999999,1.19,2.772868905,0.21664829160000001,1.0,6.9675774,0.31907531250000004,1.01,15.840603000000002,0.2814431868,1.01,0.8433528096,0.1430153764,1.02,50.24710408,0.1698516656,1.15,68.38573224599999,0.18299306376,1.07,90.96396596800001,5.6132785682,0.81,46.721610238,6.1782814026,0.93,1.0,1.19,1.01,1.0,1.01,0.77,0.77,0,0,1,71.85427,1,-99.0,1.977,134.3,11.6,0,1
11034,4848.8,2960.883,150.04422,2.2960727,2,195.0,7.181117,0.09236415,1.121256,2.254314,7.668741,0.08709753,1.646582,12.62721,0.1434132,14.43782,2.837,3.226,2.844,7.058,16.18849,0.2819765,0.86,0.22477496430000002,0.024695819220000005,1.0,0.275659956,0.033689135999999995,1.0,0.5342572532,0.040162150599999995,1.0,0.43989850500000005,0.09636095800000001,1.0,0.22249983,0.0833010381,1.0,0.1882245235,0.09847954127,1.0,0.4007195885,0.07865513732999999,1.0,0.1521568598,0.08219204158,1.0,0.34723540249999996,0.1023714552,1.0,0.37475476779999994,0.1212299494,1.0,0.43015430920000003,0.03533224444,1.0,0.11427010584,0.049568708770000004,1.0,0.3381800376,0.04276104744,1.0,0.425364096,0.0388272144,1.0,0.939424096,0.1170206128,1.0,0.7384821184,0.1435550784,1.0,10.69382643,0.37044457589999996,0.7,6.938110152,0.334643418,0.75,1.47853264,0.14684798400000001,0.85,2.139623044,0.1347227661,0.84,3.26825913,0.2068717965,0.79,15.2603689,0.3000123975,0.87,2.491861,0.4348983,0.61,12.02763,0.9724779,0.53,-99.0,-99.0,0.0,-99.0,-99.0,0.0,-99.0,-99.0,0.0,-99.0,-99.0,0.0,-99.0,-99.0,0.0,2.809254519,0.19759824180000002,0.79,8.719656225,0.27847008000000006,0.86,15.801285960000001,0.2821365612,0.67,1.1410832480000002,0.1369840552,0.73,34.64637696,0.253569364,0.3,47.413138032,0.20158911981,0.6,54.640855891,4.534361290200001,1.01,35.533990444,5.624606672,1.07,1.0,0.0,0.7,0.67,0.0,0.96,0.86,0,0,1,88.04774,1,-99.0,2.4789,102.4,11.0,0,1
11044,2847.477,2966.162,150.1276855,2.2962847,0,178.0,9.790188,0.09401857,1.144402,2.07517,11.12652,0.08865761,1.646582,18.32072,0.145982,17.75277,2.48,2.887,2.574,6.352,20.31631,0.2570793,0.83,0.05500272540000001,0.022677704340000004,1.0,0.0679588884,0.0312116298,1.0,0.67510135,0.03710107808,1.0,0.07629409300000001,0.08946438150000001,1.0,0.1103255685,0.0770036841,1.0,0.032592053819999994,0.09020692262999999,1.0,0.17971909339999997,0.07251234913999999,1.0,0.1724764415,0.07601279235,1.0,0.2753367118,0.09403780554,1.0,0.3532438105,0.11147876109999999,1.0,0.2226503352,0.03255293218,1.0,-0.02565382297,0.04529603004,1.0,0.169699416,0.03944104404,1.0,0.222978528,0.0358635792,1.0,1.472951584,0.1084567328,1.0,1.521335072,0.1327514592,1.0,14.62289133,0.30334204439999995,0.88,12.865183440000001,0.2997846696,0.78,4.2584344,0.15917096,0.62,5.91275685,0.142228775,0.64,8.657719305,0.207492213,0.67,20.374812549999998,0.3358588745,0.58,6.751909,0.3295874,0.9,17.79693,0.6757957,0.93,7.72386,0.113904,0.93,10.404,0.185784,1.24,12.1397,0.105742,0.95,0.2305436691,0.06192696521999999,1.33,0.9584650178999999,0.06922447506,1.27,8.605915227,0.15926400540000002,1.0,13.555925250000001,0.235747155,1.0,19.974315240000003,0.2077973352,1.01,3.6231122840000003,0.1052981156,1.02,33.90262184,0.14263500080000002,1.25,38.07461385,0.15792324560999998,1.09,30.544969769,4.5043677231000006,0.93,27.389060298,5.445995951,1.06,1.0,1.27,0.62,1.0,0.93,0.89,0.83,0,0,1,125.4998,1,-99.0,1.6014,-13.629999999999999,8.673,0,1
11089,2088.445,2978.738,150.1593323,2.2968044,3,177.0,6.126788,0.08130012,1.125517,2.423302,6.528557,0.07666437,1.646582,10.7498,0.1262341,13.19133,3.03,3.486,2.521,6.907,14.84706,0.2425842,1.11,0.12355089810000001,0.02656709901,1.0,0.11498151599999999,0.0362506014,1.0,0.33811209080000004,0.043228648759999995,1.0,0.24328950000000002,0.10405150900000001,1.0,0.161772324,0.0895549851,1.0,0.1632031116,0.10524621261999999,1.0,-0.03917782561,0.08485647247,1.0,0.2144053076,0.08886813198999999,1.0,0.29133098430000004,0.1101724018,1.0,0.2730798658,0.1304382233,1.0,0.245330729,0.03807221296,1.0,0.04489893817,0.05302026755000001,1.0,0.1847582358,0.04618764876,1.0,0.194298864,0.0418876128,1.0,0.5701138144,0.1261086112,1.0,0.40006970880000003,0.15501009599999999,1.0,9.523622682,0.3053710752,1.17,7.254673032,0.2892158892,1.14,1.31952272,0.139132704,1.09,2.709223933,0.1272244844,1.09,3.859633805,0.18919042100000003,1.1,14.753401049999999,0.289944786,1.06,4.11547,0.3390134,1.16,12.87667,0.7159317,1.13,4.01375,0.128001,1.01,5.21887,0.218374,1.22,7.0693,0.120305,1.01,0.16249462409999998,0.08424867582,0.99,0.46122588719999996,0.09077182452,1.01,3.617828964,0.1864399239,1.0,8.308925625,0.2745389325,1.01,14.72026104,0.2419082568,1.01,0.8551763164,0.12301399920000002,1.02,38.432088320000005,0.1543378072,1.15,50.207789385,0.16304602509,1.1,45.60260765,5.512250141,0.74,36.334833482,5.8584147304,0.94,1.0,0.99,1.09,1.0,1.01,0.71,0.71,0,0,1,85.15765,1,-99.0,1.9215,70.32,11.629999999999999,0,1
11161,3041.012,2955.889,150.1196136,2.2958577,0,481.0,26.73098,0.0893015,1.079254,2.740134,25.41868,0.08420951,1.646582,41.85393,0.1386578,67.86768,3.668,4.646,3.431,9.303,73.24646,0.3695432,0.92,2.1022309230000005,0.029932219410000002,1.0,2.41324902,0.0412498242,1.0,4.815476203999999,0.04900033424,1.0,1.4882593499999999,0.11824183,1.0,2.86059921,0.1017674889,1.0,2.769030494,0.11921408149999999,1.0,2.723150507,0.09575316751,1.0,3.733694327,0.10029918689999999,1.0,4.399403351,0.1239675252,1.0,4.652695376,0.1471166347,1.0,3.605511226,0.04295661105,1.0,1.3796552979999999,0.059792427960000005,1.0,3.088246104,0.05204792532,1.0,3.58333008,0.0473315232,1.0,6.67007744,0.14333386080000002,1.0,6.896743680000001,0.175107504,1.0,45.82593219,0.3685474515,1.04,48.65388252,0.3511930836,0.99,10.5289904,0.18596411200000001,0.79,16.80704636,0.1629154553,0.85,27.293774300000003,0.23757796050000002,0.89,71.90212749999999,0.3730048545,0.82,23.12121,0.4029168,1.05,57.40137,0.8398086,1.05,23.4398,0.145165,1.0,34.9249,0.288246,0.9,41.7068,0.136265,1.0,3.354203904,0.07777797788999999,1.47,5.358568644,0.09036153477,1.3,25.18452837,0.2115180522,0.99,45.23273475,0.3113865825,1.0,71.41969368000001,0.275819688,1.0,10.013165240000001,0.1406240204,1.0,119.3002328,0.16496536560000002,1.26,144.56826071999998,0.18194072598,1.1,194.56804796,5.4881683669,0.81,189.11440389999999,6.270011909999999,0.94,1.0,1.3,0.79,0.99,0.9,0.78,0.78,0,0,1,301.8505,1,-99.0,2.1729,351.1,14.23,0,1
11185,2964.988,3029.29,150.1227722,2.2989154,3,19.0,6.883729,0.09028829,1.646582,2.010779,8.406301,0.08467093,1.646582,13.84166,0.1394176,9.267909,1.778,1.5,1.006,2.862,13.84166,0.1394176,0.91,0.36166906740000004,0.02196351378,1.0,0.5547796800000001,0.0302512704,1.0,2.260671072,0.035963532879999996,1.0,0.33853029000000007,0.0867574695,1.0,0.507763956,0.0746235336,1.0,0.4924921451,0.08745999619999999,1.0,0.9587363709,0.07026309135999999,1.0,1.797116035,0.07359161854,1.0,2.4487307240000002,0.09099194855,1.0,2.5935000629999996,0.10795083039999999,1.0,1.5277800609999999,0.031528624760000006,1.0,0.11313965393,0.04385736334,1.0,1.0603884,0.038225045039999996,1.0,1.6272816,0.034757688,1.0,2.912864032,0.1051975392,1.0,3.269178368,0.1285720736,1.0,9.74099667,0.27714795509999995,0.99,8.663141748000001,0.2590545864,0.98,4.04466112,0.137424704,0.78,4.4208180509999995,0.12096835009999998,0.83,5.634509850000001,0.1783781545,0.85,13.3727549,0.27869792099999996,0.79,5.154962,0.2942725,1.06,12.13616,0.6252698,1.02,5.54574,0.107561,0.98,6.8666,0.170225,1.39,8.41379,0.100455,0.99,1.248946089,0.04930100028,1.97,2.488065021,0.05294029338,2.04,5.699560023,0.1552128723,0.99,9.614583300000001,0.22853323500000003,1.0,13.966555320000001,0.2014291368,1.01,4.180014672,0.1026042956,1.01,97.32548584,0.5154447568,1.21,132.84894986999998,0.55149236883,1.11,213.48719074000002,16.118508633,0.82,96.09989567999999,19.130893186,0.95,1.0,1.97,0.78,0.99,0.98,0.79,0.79,0,0,1,99.28201,1,-99.0,0.2477,109.2,8.174000000000001,0,1
11296,3852.122,2998.991,150.0857849,2.2976573,2,475.0,42.61303,0.08242155,1.094083,2.494281,48.15045,0.07772186,1.646582,79.28365,0.1279754,97.14882,3.017,3.609,3.517,8.301,106.2888,0.2988515,1.09,5.838364224000001,0.02718866499,1.0,6.5527722,0.0376709112,1.0,15.394103999999999,0.0446387634,1.0,6.03833935,0.107435872,1.0,6.34950918,0.0928072824,1.0,6.56343916,0.10886575309999999,1.0,7.243861162999999,0.08730426243,1.0,10.24937859,0.09098677181,1.0,13.24417014,0.1122661053,1.0,14.014788269999999,0.1335245296,1.0,10.11173266,0.03915935292,1.0,5.372768442,0.054666231350000004,1.0,7.80578178,0.04741529526,1.0,10.310707200000001,0.043013112,1.0,26.24420032,0.1304240912,1.0,26.3807936,0.1584000608,1.0,74.66076822,0.31586248349999996,1.16,80.38468368,0.2991698652,1.13,35.8058288,0.13888968,1.15,40.814780629999994,0.1277566953,1.15,47.11850575,0.1921381415,1.14,107.945652,0.29309552499999997,1.1,46.65061,0.3519906,1.14,93.17702,0.7401837,1.12,45.6894,0.133908,0.98,60.6213,0.251872,0.96,74.3689,0.126153,0.97,9.165409664999999,0.07105193112,1.46,18.86216085,0.07710310647,1.49,45.76326489,0.19538432730000002,0.97,71.78738175,0.2892779925,0.97,109.44082080000001,0.25482768120000004,0.97,33.51546872,0.12945648240000002,0.99,176.6232128,0.1750730112,0.98,199.02023271,0.17342653652999998,1.05,170.54157773,4.7301309678,1.04,229.35809623999998,5.9872800684,0.94,1.0,1.46,1.09,0.97,0.96,0.99,0.99,0,0,1,619.5226,1,-99.0,1.2748,459.9,10.059999999999999,1,1
11318,1887.563,3025.795,150.1677094,2.2987638,0,214.0,6.888709,0.08057744,1.115973,2.457242,7.350931,0.07598289,1.646582,12.10391,0.125112,15.16813,3.059,3.25,2.983,7.255,16.92723,0.2533436,1.13,-0.002190547383,0.02698367028,1.0,-0.0531682788,0.0366767856,1.0,0.11778052879999999,0.04380854852,1.0,0.0490361495,0.105461359,1.0,0.0851331474,0.0907622562,1.0,0.02635952804,0.10670477864,1.0,-0.08270827411,0.08615210065000001,1.0,0.003165513648,0.08999870121,1.0,-0.006347095112,0.1116385012,1.0,0.20233892979999998,0.13228473999999998,1.0,0.08050502377,0.03855950769,1.0,-0.08412861098,0.053755365410000006,1.0,0.06592941581999999,0.046892928179999994,1.0,-0.0618371568,0.0424994736,1.0,0.295335352,0.1278598464,1.0,0.2413759296,0.1571317696,1.0,7.693450479,0.30513732930000004,1.2,5.109383436,0.28812132960000003,1.18,0.59924936,0.134037984,1.2,1.4942086639999999,0.1228112873,1.2,2.51558606,0.184933592,1.18,17.4515371,0.2808755485,1.16,1.44191,0.3452528,1.15,13.84671,0.7165098,1.16,2.33387,0.128816,1.03,3.95192,0.245676,1.0,5.16945,0.122216,1.01,0.13091905529999998,0.08347532201999999,1.04,0.2191753278,0.09121076171999999,1.03,2.4246470610000004,0.1895082489,1.0,6.551889225000001,0.2790057375,1.01,16.105169880000002,0.2453131512,1.01,0.5088758308000001,0.1249091252,1.02,47.5792,0.1449497184,1.19,63.52549573499999,0.15245142236999998,1.04,84.422602143,4.7467060696,0.95,43.86169217999999,5.9308519174,1.0,1.0,1.03,1.13,1.0,1.0,0.91,0.91,0,0,1,96.74455,1,-99.0,1.9109,320.1,12.49,0,1
11322,4772.934,3034.142,150.0473938,2.299125,0,162.0,6.994828,0.0852299,1.149364,2.084498,8.286337,0.08037007,1.646582,13.64413,0.1323359,12.68589,2.363,2.786,2.564,6.227,14.5807,0.2283981,1.01,0.20755205790000003,0.02280096444,1.0,0.217664226,0.0312420498,1.0,0.7980371564000001,0.03719055516,1.0,0.11271606150000002,0.08911444950000001,1.0,0.170980173,0.0771216621,1.0,0.2848207942,0.09100452533,1.0,0.2474827047,0.07276974474,1.0,0.41944398650000003,0.07590216051,1.0,0.6777728859,0.09457851841,1.0,0.4656625427999999,0.11196495309999999,1.0,0.4240746248,0.03271069862,1.0,0.05112132681,0.045834754240000004,1.0,0.24243292859999999,0.039545498820000004,1.0,0.473703744,0.035901792,1.0,1.527420544,0.1082975296,1.0,1.70735392,0.1326243776,1.0,9.438058104,0.2963325771,0.93,9.599826,0.26533106879999996,1.02,3.3685371199999996,0.118748944,1.11,4.320364451,0.1093022099,1.09,5.122433705,0.16642004700000002,1.05,13.7611911,0.24522207699999998,1.11,4.931698,0.3329236,0.89,13.20622,0.7460352,0.77,-99.0,-99.0,0.0,-99.0,-99.0,0.0,-99.0,-99.0,0.0,-99.0,-99.0,0.0,-99.0,-99.0,0.0,5.125367844,0.1793742795,0.82,9.110476725,0.25631760000000003,0.87,14.589914400000001,0.2510877204,0.72,3.17615556,0.12169166440000001,0.79,33.81252528,0.236609056,0.32,47.937432582,0.19960721352,0.66,51.830335299000005,4.549720911300001,1.04,67.51746431599999,5.794044447999999,1.01,1.0,0.0,0.93,0.72,0.0,0.99,0.99,0,0,1,103.1023,1,-99.0,1.4615,330.5,10.38,1,1
11369,4891.693,3051.693,150.0424347,2.2998564,0,126.0,3.820647,0.09079411,1.14681,2.219147,4.129388,0.08561701,1.646582,6.799375,0.1409754,7.393183,2.754,2.972,2.45,6.287,8.47858,0.2456663,0.89,0.061296170700000006,0.024309644130000002,1.0,0.055266042,0.033166723200000005,1.0,0.1778037404,0.03954638644,1.0,0.112201165,0.094808195,1.0,-0.118254024,0.08199471,1.0,-0.1490394577,0.09684612865,1.0,0.07750508534999999,0.07740676866999999,1.0,-0.03148828683,0.0808865057,1.0,0.09847777503,0.1007127148,1.0,0.33196683309999997,0.11925884599999999,1.0,0.1818786719,0.03481226113,1.0,-0.05331333848,0.04877775241000001,1.0,0.1488205734,0.04210077396,1.0,0.140295696,0.0382221936,1.0,0.4444193104,0.11517009919999999,1.0,0.3206024704,0.1413231552,1.0,4.462500201,0.3853946145,0.63,3.170558568,0.33630084000000005,0.72,0.514231952,0.136092464,0.96,0.6912019036,0.1274669253,0.91,1.0959702,0.19400235950000003,0.87,8.118720779999999,0.2796124235,0.97,0.3439246,0.4728673,0.5,7.463078,1.115981,0.39,-99.0,-99.0,0.0,-99.0,-99.0,0.0,-99.0,-99.0,0.0,-99.0,-99.0,0.0,-99.0,-99.0,0.0,1.4208232950000002,0.1971290241,0.77,4.2977487,0.2786466375,0.83,8.531371584,0.2863239228,0.63,0.4730763808,0.1386551688,0.69,23.96133576,0.25610238,0.28,34.440133220999996,0.20633349086999997,0.54,37.24810996,4.8019607583,0.82,43.24412828399999,6.1903706568,0.86,1.0,0.0,0.63,0.63,0.0,0.78,0.78,0,0,1,48.23093,1,-99.0,2.5915,85.39,10.959999999999999,0,1
11448,2065.706,3059.313,150.1602783,2.3001614,0,211.0,8.644818,0.07885181,1.118483,2.401061,9.39356,0.07435566,1.646582,15.46726,0.1224327,18.55794,2.981,3.344,2.824,7.16,20.75674,0.2444643,1.18,0.49658981220000004,0.026328477030000002,1.0,0.454482912,0.0358988448,1.0,1.2739494679999999,0.04282871472,1.0,0.42654831000000004,0.1030632885,1.0,0.46869542999999997,0.08871255539999999,1.0,0.2915124542,0.10426620821999999,1.0,0.6434847803999999,0.08408112097,1.0,0.8095274451,0.0880354871,1.0,0.9867153132,0.1090621813,1.0,1.183563521,0.12915791769999999,1.0,0.7360009953,0.037717140600000004,1.0,0.4649363628,0.052500162850000004,1.0,0.5086388706,0.04579862226,1.0,0.734755536,0.041530473600000006,1.0,2.52820048,0.1249637792,1.0,2.555577312,0.153629872,1.0,12.9782319,0.295101774,1.23,12.940641000000001,0.2770227408,1.22,4.41640976,0.127635424,1.27,5.656493921,0.1167174242,1.27,7.052275345,0.175697599,1.25,20.597122549999998,0.2644246085,1.25,6.066802,0.3359019,1.16,16.96861,0.7062427,1.14,6.63102,0.129507,0.97,9.00817,0.200705,1.42,11.5329,0.121037,0.98,0.6787945521,0.05876646513,2.0,1.683644625,0.06123834288,2.18,6.516470871,0.184845339,1.0,13.10884575,0.2735314575,1.0,20.504030040000004,0.2397264516,1.01,4.049936248000001,0.12130696800000002,1.03,42.331916400000004,0.1458052008,1.11,48.29684769,0.15760419128999997,1.08,39.405011075,5.1936727499,0.76,37.458669924,5.751075941599999,0.94,1.0,2.0,1.18,1.0,0.97,0.73,0.73,0,0,1,126.3328,1,-99.0,1.3278,75.52000000000001,12.65,0,1
11571,3653.638,3033.78,150.0940704,2.2991059,3,1038.0,40.19435,0.08481108,1.042937,3.386269,39.27502,0.07997513,1.646582,64.66953,0.1316856,130.5054,4.544,6.536,5.307,13.723,136.1089,0.549103,1.02,13.15137399,0.036923340810000004,1.0,14.431248,0.051099516000000005,1.0,39.39667556,0.06060522644,1.0,13.678437,0.14609179,1.0,15.625407,0.125908125,1.0,16.76433518,0.1477367426,1.0,17.26059027,0.1184853131,1.0,29.226446919999997,0.12358999509999999,1.0,35.58768722,0.152439865,1.0,37.58649061999999,0.1813536676,1.0,25.181951,0.05312266156,1.0,10.249947859,0.07405359953,1.0,17.7377448,0.06435886692,1.0,25.578590400000003,0.0584243616,1.0,48.3186184,0.1772504032,1.0,45.35315072,0.2153595488,1.0,102.73665749999999,0.4260208158,1.18,97.5640752,0.40237389720000005,1.15,56.990104,0.183406016,1.22,80.91015894,0.1689233533,1.21,70.01830635,0.2546666255,1.19,133.672982,0.3856623775,1.17,73.27769,0.482115,1.12,118.3503,1.0094,1.11,74.182,0.181915,0.98,73.5704,0.353831,0.9,87.727,0.170784,0.98,21.925595129999998,0.09399333966,1.54,40.181107589999996,0.10254233339999999,1.55,67.71283461,0.2636484219,0.98,101.11258500000001,0.3899596575,0.98,133.48522440000002,0.3440550888,0.98,53.54501288,0.17464933,1.0,155.28174080000002,0.2277839528,1.0,145.04351003999997,0.2620296081,1.03,184.02116836000002,6.200428012700001,0.85,195.97925617999996,7.159491502999999,0.94,1.0,1.54,1.02,0.98,0.9,0.82,0.82,0,0,1,491.0904,1,0.688,0.6893,991.6,9.417,1,1
11650,4120.33,3103.417,150.0746002,2.3020091,3,247.0,14.14646,0.07987369,1.121891,2.282157,16.56969,0.07531927,1.646582,27.28334,0.1240193,28.7768,2.647,3.184,2.864,7.036,32.28444,0.2430626,1.15,0.26005368030000003,0.024871614450000003,1.0,0.345139236,0.034476709800000005,1.0,0.7942456455999999,0.04087474864,1.0,0.04994026100000001,0.098088928,1.0,0.27480749099999996,0.084879606,1.0,0.2093216006,0.09955301305,1.0,0.23838841179999998,0.07995276982,1.0,0.45063034059999996,0.08305575157,1.0,0.5452470308,0.1027597789,1.0,0.1818510015,0.12212839169999999,1.0,0.5607334419000001,0.03587581442,1.0,0.21481068890000002,0.05012667312,1.0,0.3130717548,0.043425979919999996,1.0,0.506864976,0.039381984,1.0,1.102669984,0.1192092096,1.0,1.074538048,0.1447922304,1.0,18.96649149,0.2823068532,1.21,15.756275160000001,0.26655217800000003,1.2,2.6896608,0.120434496,1.28,4.4964673390000005,0.1113035547,1.27,8.162761510000001,0.16777962,1.26,32.03335525,0.24956217449999998,1.27,6.373796,0.3220559,1.14,26.6699,0.686492,1.09,7.07786,0.119557,1.02,11.3185,0.229807,0.97,14.9215,0.113099,1.0,0.4549614018,0.07846719647999999,1.0,0.9839573639999999,0.08628854715,1.0,7.214113566,0.1829873502,0.93,17.214855,0.26819283750000006,0.95,32.06575764,0.23728898880000002,0.94,2.654386256,0.1191292272,0.98,64.7481124,0.1904606904,0.73,92.34016190099999,0.18382954004999996,0.98,137.71777737000002,5.1854624839,0.79,151.72939245999999,6.5010337194,0.8,1.0,1.0,1.15,0.93,0.97,0.75,0.75,0,0,1,219.9927,1,-99.0,2.1584,219.9,13.42,0,1
11748,3759.276,3074.092,150.0896606,2.300786,3,731.0,36.35981,0.08093636,1.063515,2.582333,41.04592,0.07632135,1.646582,67.58546,0.1256693,88.28567,3.22,5.023,4.256,10.773,93.89314,0.395881,1.12,4.001657097000001,0.028149615090000003,1.0,6.11093184,0.038980188,1.0,35.8110632,0.04623289,1.0,2.92830665,0.111346338,1.0,6.2514650099999995,0.0960141693,1.0,7.321215689999999,0.11267676139999999,1.0,8.080544548999999,0.09039596335,1.0,22.966729060000002,0.09417094456,1.0,35.33147469,0.11619294,1.0,34.59681498,0.13824363069999998,1.0,21.176719119999998,0.04053149032,1.0,2.025391971,0.056519616380000005,1.0,10.43588046,0.04910418276,1.0,21.8002656,0.044561688,1.0,43.39682464,0.135148312,1.0,44.829928,0.1641128416,1.0,83.2096608,0.3231386733,1.19,78.7351002,0.3006015756,1.2,53.7005936,0.137483264,1.26,57.71378067,0.1273143131,1.24,64.1680855,0.18900340550000003,1.26,93.43184049999999,0.28561883549999995,1.24,68.43394,0.3628286,1.15,88.40444,0.7732485,1.1,61.5434,0.140163,0.96,68.2951,0.268068,0.91,75.3814,0.132189,0.95,16.829071799999998,0.07955050073999999,1.25,38.64871179,0.08233937478,1.4,62.28171054,0.2022281082,0.97,81.2026845,0.29765300250000004,0.98,93.12269976,0.26238604320000003,0.98,52.82874032,0.1339225524,0.99,71.40532280000001,0.19594309280000002,0.95,61.002269639999994,0.18608301737999997,1.02,67.345007975,4.964500940000001,1.04,78.05301725199999,5.932958258199999,1.05,1.0,1.25,1.12,0.97,0.91,1.0,1.0,0,0,1,537.8039,1,-99.0,0.5109,199.9,12.8,0,1
11790,4493.593,3080.954,150.0590363,2.3010745,3,445.0,13.18304,0.0828058,1.061618,3.130757,12.91432,0.0780842,1.646582,21.26448,0.128572,38.87737,4.122,6.438,3.453,10.986,41.2729,0.4142199,1.07,2.075149602,0.034158365460000006,1.0,2.5305384,0.0471879096,1.0,9.61919992,0.056008238,1.0,1.89588675,0.13408035,1.0,2.66918547,0.11624172,1.0,2.903500481,0.13657570129999996,1.0,3.3071747940000003,0.10954925519999999,1.0,4.489077307,0.1138335495,1.0,8.599767993,0.1415536207,1.0,9.418541811,0.16778182049999998,1.0,4.853813715,0.04920952535,1.0,1.485153385,0.06888544698,1.0,3.220011942,0.05949850494,1.0,5.212973760000001,0.0539805504,1.0,12.77408912,0.163067008,1.0,13.12584608,0.19876488,1.0,33.10637262,0.3828651153,1.24,27.892854,0.3639358728,1.22,16.2963696,0.165672096,1.28,20.66118054,0.1523890771,1.27,21.733674850000003,0.228942594,1.27,40.207592899999995,0.3606444185,1.15,20.09757,0.4418095,1.14,37.48909,0.9290595,1.12,22.1222,0.164268,1.01,24.12,0.319882,0.94,27.4514,0.155749,0.99,4.776220889999999,0.14622882179999996,0.54,10.951968690000001,0.1664300313,0.51,21.011984010000003,0.25351445250000004,0.92,31.264044000000002,0.37097723250000003,0.94,41.89811652,0.3368511612,0.89,15.994579880000002,0.16544591760000002,0.96,48.027764960000006,0.2680669768,0.51,34.52400993599999,0.20575848500999996,0.85,38.719925603,5.4730145043,0.97,32.042624827999994,6.1044928583999996,1.11,1.0,0.51,1.07,0.89,0.94,0.93,0.93,0,0,1,165.3897,1,-99.0,0.7194,103.3,9.261999999999999,0,1
11808,4550.021,3113.704,150.0566864,2.3024392,3,384.0,5.81189,0.08399163,1.062292,4.10295,4.837131,0.07920241,1.646582,7.96473,0.1304132,22.44759,5.349,5.591,3.921,10.909,23.84589,0.4167979,1.04,1.3818773580000003,0.04477728291000001,1.0,1.6580928,0.0618046182,1.0,2.802720096,0.07339198856,1.0,1.4873315,0.175646825,1.0,1.78916976,0.152248383,1.0,1.702509406,0.1789533365,1.0,1.4995298009999998,0.14353391359999998,1.0,1.523141895,0.1491505598,1.0,2.0742366199999998,0.1855994645,1.0,2.2783970019999997,0.21991477059999998,1.0,1.561966052,0.06449691722,1.0,1.1050660837,0.09025033019,1.0,1.61192082,0.07795131306,1.0,1.6839624,0.0707381856,1.0,3.637980944,0.21361760159999998,1.0,3.340032672,0.26056188480000003,1.0,15.7443867,0.5021841531,1.24,12.9203364,0.47925372359999996,1.21,6.36593072,0.216371392,1.29,7.792050526,0.19957232619999998,1.27,10.158009100000001,0.30094653000000005,1.26,22.6194362,0.472774551,1.15,7.941078,0.5764816,1.15,22.01748,1.206833,1.14,8.66354,0.217094,1.0,10.4964,0.417873,0.94,12.6544,0.205629,0.98,1.7406346919999998,0.1917308484,0.54,2.6135505629999995,0.2163406869,0.52,9.77681637,0.3290207382,0.94,15.025242750000002,0.48357204000000004,0.95,22.227104160000003,0.4394560464,0.9,5.2674011080000005,0.21575891360000002,0.97,53.22836016,0.3470528504,0.51,65.81207599199999,0.27054556776,0.79,71.420742602,7.133426381,0.89,81.83201681599999,7.9398146365999995,1.01,1.0,0.52,1.04,0.9,0.94,0.85,0.85,0,0,1,61.07303,1,-99.0,1.694,390.6,9.969000000000001,1,1
11949,1650.88,3177.864,150.1775818,2.3050981,0,138.0,5.854357,0.07600651,1.150019,2.18113,7.018955,0.0716726,1.646582,11.55728,0.1180148,11.10339,2.441,2.945,2.412,6.21,12.76911,0.2030901,1.27,0.40470120270000004,0.024010110120000004,1.0,0.485935164,0.032456213399999996,1.0,0.7057396631999999,0.03886864124,1.0,0.20127115000000004,0.0935025775,1.0,0.503405448,0.0805905492,1.0,0.5032203870999999,0.09465795583,1.0,0.3280728451,0.07659249136,1.0,0.4972229801,0.07968117981999999,1.0,0.5676815961,0.09885190413,1.0,0.46959664639999993,0.1172928071,1.0,0.5297477999,0.03413558795,1.0,0.42726539040000006,0.0476684026,1.0,0.4476376518,0.041721438179999994,1.0,0.497458608,0.037808784000000005,1.0,0.9560867679999999,0.11358701119999999,1.0,1.1073267839999998,0.1395903008,1.0,8.171291112,0.2660290215,1.24,8.685023496,0.2506787028,1.23,1.73424464,0.112271232,1.34,2.271758164,0.1045219708,1.3,4.075107325,0.15656660600000002,1.29,12.79282895,0.2334426785,1.32,3.073474,0.3064578,1.15,10.13029,0.644385,1.13,3.47552,0.11519,1.02,5.70644,0.215747,1.03,7.51421,0.108641,1.01,0.678501246,0.07382778410999999,1.05,0.9395887761,0.08143576623,1.02,3.420606474,0.1687559868,1.0,8.3781621,0.24975105750000004,1.0,12.41498484,0.21800233440000003,1.01,1.671482228,0.11105910960000001,1.02,22.507592080000002,0.1350328088,1.23,27.397613060999998,0.16099924580999997,0.99,27.238029194,4.6798526237,1.04,25.750132593999997,4.9371528656,1.2,1.0,1.02,1.23,1.0,1.01,1.0,1.0,0,0,1,97.93079,1,-99.0,2.2008,217.20000000000002,11.83,0,1
12003,2718.313,3133.394,150.1330719,2.3032517,3,932.0,28.28203,0.08979083,1.043083,3.384491,28.84351,0.08467093,1.646582,47.49319,0.1394176,91.76672,4.694,6.525,5.295,13.696,95.72026,0.5800045,0.91,3.2888427420000004,0.03698712492,1.0,2.85041484,0.0508298934,1.0,5.659393123999999,0.06051363427999999,1.0,3.3118943000000005,0.14581705,1.0,3.72592332,0.125410614,1.0,3.795617482,0.1471129072,1.0,2.5714242400000002,0.1182511253,1.0,3.603942419,0.12396377839999999,1.0,4.705722819,0.1533270275,1.0,6.793297462,0.1817193245,1.0,3.2925327529999997,0.05311267882,1.0,3.7121200630000004,0.07380124324000001,1.0,2.86085895,0.06443844264,1.0,3.10373664,0.058575935999999995,1.0,8.250535904,0.17687475519999998,1.0,9.0501456,0.21667076159999998,1.0,75.11186871,0.5888117414999999,0.62,55.13954952,0.587615124,0.54,18.452646400000003,0.22842792,0.8,25.14063838,0.2185667497,0.72,39.31619930000001,0.33567896950000004,0.68,95.42181815,0.49445988099999993,0.71,29.36341,0.7285065,0.49,85.9878,1.372211,0.6,34.1566,0.179117,1.0,43.9564,0.302891,1.24,53.6966,0.168108,1.0,3.043421226,0.09713130896999998,1.44,6.427069973999999,0.1053672633,1.46,37.29270528,0.2599220592,1.0,67.00277325,0.38484747,1.0,95.67569268000001,0.3389487156,1.01,16.6596226,0.1715972792,1.02,203.7613824,0.1897297104,1.26,300.12327774,0.21219632225999996,1.12,411.68401568,5.8034576368,1.11,578.86453636,7.168973208799999,1.08,1.0,1.44,0.54,1.0,1.0,1.07,0.91,0,0,1,340.6542,1,-99.0,1.5928,522.8000000000001,10.97,1,1
12113,1925.757,3234.51,150.1661072,2.3074601,0,134.0,3.785007,0.07754838,1.144216,2.179799,4.533074,0.07312656,1.646582,7.464077,0.1204088,7.210663,2.474,3.025,2.46,6.356,8.250555,0.2121928,1.22,0.3338206617,0.02393818845,1.0,0.39164127600000004,0.032519284200000005,1.0,0.902642576,0.03886008896,1.0,0.138752135,0.0934353385,1.0,0.348998958,0.0805128618,1.0,0.2835202377,0.09466712987999999,1.0,0.3443984775,0.07638646939,1.0,0.61168184,0.07985694816,1.0,0.9223377327,0.09878468256,1.0,1.0902653019999997,0.1170993432,1.0,0.6595116755,0.03419861623,1.0,0.1273176584,0.047600006970000004,1.0,0.49031502359999996,0.041655839459999996,1.0,0.669816576,0.037772577599999996,1.0,1.139546096,0.1134358576,1.0,0.992827104,0.13956252800000002,1.0,5.862938810999999,0.2644509942,1.26,5.032169292,0.2496115308,1.24,1.4401953600000001,0.112494736,1.34,1.528498114,0.1045577091,1.3,2.064938075,0.1566368605,1.29,8.096247259999998,0.2342450155,1.31,1.575029,0.3036419,1.17,6.514723,0.6411612,1.14,1.94449,0.105975,1.2,2.99449,0.214618,1.03,4.41948,0.0994249,1.2,0.6557309496,0.061108651349999994,1.53,0.9364103657999999,0.06599119761,1.55,2.076293043,0.1682093529,1.0,5.48770635,0.24762638250000002,1.01,8.346862332,0.21770987760000002,1.01,1.1702332160000002,0.11077838520000001,1.02,15.8671916,0.1399807312,1.12,21.667516182,0.14635377783,1.11,27.387680864,4.9622948074,0.84,35.078568264,5.435691588,0.99,1.0,1.53,1.22,1.0,1.03,0.8,0.8,0,0,1,61.98944,1,-99.0,2.8526,23.869999999999997,10.74,0,1
12129,4670.893,3195.403,150.051651,2.3058436,3,559.0,23.22334,0.08359071,1.069902,2.816356,23.90006,0.07882435,1.646582,39.35341,0.1297907,61.13194,3.738,4.559,4.132,10.113,65.40519,0.382131,1.04,1.5201321090000002,0.030756506370000002,1.0,1.5539043000000001,0.0423617766,1.0,4.320078488,0.050359778919999994,1.0,1.5425928,0.12045915050000001,1.0,1.60600335,0.10438059029999999,1.0,1.531623837,0.12279519889999999,1.0,1.560671805,0.09845096877,1.0,2.1787758409999998,0.102374536,1.0,3.3324763809999998,0.1275060362,1.0,3.692587724,0.1509666676,1.0,2.227511413,0.04428372825,1.0,1.414796501,0.06189096974000001,1.0,1.709116878,0.05346659081999999,1.0,2.1608472,0.048545121600000005,1.0,7.338435727999999,0.146493776,1.0,7.535164608,0.1789771808,1.0,48.5444649,0.3513288168,1.2,42.96226704,0.32793534480000003,1.22,17.450879999999998,0.148067984,1.3,23.33382584,0.1378716001,1.25,29.903085800000003,0.20602478450000003,1.26,63.97687705,0.324703965,1.15,27.79013,0.4046033,1.1,54.82604,0.8433239,1.1,-99.0,-99.0,0.0,-99.0,-99.0,0.0,-99.0,-99.0,0.0,-99.0,-99.0,0.0,-99.0,-99.0,0.0,27.73822446,0.23393853900000003,0.88,44.94336,0.3370702125,0.92,62.920821600000004,0.3186587988,0.81,15.655914720000002,0.15470182920000003,0.89,121.922224,0.2635874056,0.42,144.82993940999998,0.21611442176999998,0.68,143.99030015,5.1718703785,1.04,206.23941986,6.3866505318,1.01,1.0,0.0,1.04,0.81,0.0,1.0,1.0,0,0,1,303.2066,1,-99.0,1.4793,342.7,9.181,1,1
12173,2259.586,3242.836,150.1521912,2.3078091,0,165.0,8.158882,0.07630753,1.141286,2.189179,9.33072,0.07195646,1.646582,15.36379,0.1184822,15.65011,2.573,3.064,2.489,6.434,17.86126,0.2114531,1.26,0.3715609896,0.02397899592,1.0,0.708731244,0.0327581826,1.0,1.705692472,0.039073068319999994,1.0,0.37424167,0.09398481850000001,1.0,0.500080917,0.08092355879999999,1.0,0.8530582133,0.09511342043,1.0,1.0244998918,0.07655884005,1.0,1.3408599049999999,0.08029506628,1.0,1.6017490810000001,0.0992293791,1.0,1.906439864,0.11754400629999999,1.0,1.457724715,0.034388386160000006,1.0,0.07645402547,0.04776435509,1.0,1.0303564859999998,0.041777253,1.0,1.40523696,0.0379267968,1.0,1.714707904,0.1140386832,1.0,1.9826917759999998,0.1402181344,1.0,8.566709643000001,0.2662850751,1.26,6.492570564,0.25186392479999997,1.23,2.63634192,0.11396459199999999,1.33,2.949018267,0.10511599929999998,1.3,3.7751008200000005,0.15752048400000002,1.29,17.615035999999996,0.23532524,1.31,3.035023,0.3075889,1.15,50.55345,0.6496442,1.12,3.46418,0.116739,0.99,4.3063,0.197173,1.22,6.39186,0.108503,1.01,1.2156573689999999,0.062022873269999994,1.49,1.8250756289999999,0.06710436953999999,1.51,3.4006859640000004,0.1684576512,1.0,8.122323300000001,0.24813211500000001,1.01,17.22183192,0.2188235376,1.01,2.332073056,0.1110354796,1.02,22.59065656,0.1439510792,1.14,33.498610586999995,0.15032092257,1.09,51.306474158,4.5299108844000004,0.98,106.75108587999999,5.108153478799999,1.28,1.0,1.49,1.23,1.0,0.99,0.94,0.94,0,0,1,129.6718,1,-99.0,3.2677,302.20000000000005,9.847,0,1
12212,1334.198,3228.021,150.1907806,2.3071856,2,374.0,20.30845,0.07918807,1.092866,2.657705,20.40636,0.07467274,1.646582,33.60073,0.1229548,49.38747,3.444,3.745,3.45,8.375,53.97387,0.2913208,1.17,7.797517695000001,0.02932932195,1.0,8.7565998,0.0394367922,1.0,22.77416988,0.047365653279999996,1.0,7.818642500000001,0.113909614,1.0,9.02395914,0.0983460156,1.0,9.671305096,0.1151904511,1.0,9.576371650999999,0.09348555447,1.0,15.68136185,0.09669323026,1.0,21.77918034,0.1202870682,1.0,22.35764041,0.1428979062,1.0,15.658221300000001,0.04144060475,1.0,6.598291519,0.05809445369,1.0,10.02299988,0.05092352226,1.0,15.388267200000001,0.0461651664,1.0,25.9930528,0.138694608,1.0,26.5499552,0.17030280960000002,1.0,48.089290829999996,0.3221299773,1.25,43.625424720000005,0.3060998724,1.23,35.4036192,0.13614712,1.35,34.03657738,0.12667295550000002,1.31,36.350272,0.19059155300000002,1.29,53.52588185,0.2933754335,1.24,38.31047,0.3783867,1.12,47.66521,0.7817312,1.14,34.9077,0.140868,1.01,38.8478,0.262197,1.03,42.8575,0.13201,1.02,13.598949569999998,0.07540838937,1.49,23.681438819999997,0.08190237978,1.5,36.0919989,0.207163863,0.99,46.377366,0.3054414825,1.0,53.68209192,0.2662025076,1.01,32.9170626,0.1355832688,1.02,43.6703172,0.1562177096,1.09,30.729960494999997,0.19335191615999997,0.79,35.0221041,4.6201756328000005,1.17,30.637424819999996,5.4198612526,1.27,1.0,1.49,1.17,0.99,1.01,1.12,1.12,0,0,1,273.2772,1,0.616,0.5982,69.02,9.161000000000001,0,1
12348,1834.488,3269.531,150.1699219,2.3089187,3,249.0,2.760748,0.07754838,1.075981,3.9627,2.247481,0.07312656,1.646582,3.700662,0.1204088,10.16749,5.104,6.048,2.788,9.568,10.94002,0.3312717,1.22,7.6679868870000005,0.043558683300000005,1.0,7.9803321,0.0590536362,1.0,9.9716826,0.07062537195999999,1.0,6.9052284,0.16977004000000004,1.0,9.84832485,0.146376195,1.0,8.117069923999999,0.1720900678,1.0,8.131211396,0.1389545927,1.0,40.39615415,0.1450660002,1.0,7.382834518,0.1794653695,1.0,8.272475848,0.21283459959999998,1.0,14.87731657,0.062114369940000004,1.0,6.5326019230000005,0.08651935478,1.0,8.447149038,0.0757763055,1.0,14.3182176,0.0687078,1.0,11.45663792,0.2062289632,1.0,8.361102432000001,0.253755024,1.0,10.1664918,0.48043511549999995,1.26,11.26423656,0.45205878120000004,1.25,8.63065088,0.205020512,1.33,9.431037941,0.189963553,1.3,9.619275824999999,0.285633028,1.28,10.776982499999999,0.4257105135,1.31,9.946824,0.5543709,1.16,9.074729,1.170726,1.13,10.583,0.212337,0.99,10.5772,0.388916,1.04,10.429,0.199123,0.99,12.08522622,0.11078749889999999,1.54,9.98630685,0.12038532479999998,1.54,9.917015220000001,0.30612914550000003,1.0,9.820457325,0.45064257,1.01,10.72105956,0.3958548048,1.01,8.38316784,0.20151947560000003,1.02,12.41719656,0.17801443279999998,1.18,13.861681469999999,0.19726470503999996,1.06,39.972493018,6.3065050509,0.93,42.613917883999996,6.865994272,1.07,1.0,1.54,1.22,1.0,0.99,0.89,0.89,0,0,1,30.73413,1,-99.0,0.2642,78.36,9.835,1,1
12386,2335.989,3277.709,150.1490021,2.3092625,3,437.0,26.30354,0.07754838,1.085769,2.760012,26.45375,0.07312656,1.646582,43.55827,0.1204088,66.86329,3.616,4.822,2.976,8.826,72.59809,0.3024882,1.22,1.902477759,0.030219666750000002,1.0,2.56234758,0.041315125800000005,1.0,11.50336836,0.0492753866,1.0,1.9182756500000002,0.11853633200000001,1.0,2.26547811,0.1020548655,1.0,2.780643762,0.11995124339999999,1.0,2.941451513,0.09648358027,1.0,7.154062047,0.1012271315,1.0,9.712726023,0.1250523982,1.0,10.762771529999998,0.148146754,1.0,7.0023048900000004,0.04334818892,1.0,1.2475809780000002,0.060185423540000005,1.0,4.023251495999999,0.052665336,1.0,7.01816832,0.0478323936,1.0,16.42002128,0.1438400912,1.0,16.74834496,0.1768083776,1.0,52.0690815,0.33854359500000003,1.24,46.280794199999995,0.317630052,1.23,21.9764944,0.14380969600000001,1.33,25.831643240000002,0.13302567980000002,1.29,31.13372695,0.200110543,1.27,70.37465569999999,0.29664743250000003,1.31,30.42483,0.3894904,1.14,62.11286,0.8264525,1.1,29.1398,0.144907,1.02,36.4529,0.185964,2.18,43.8366,0.136034,1.02,5.567041119,0.07686771408,1.54,12.856198679999999,0.08323434053999999,1.56,30.26548575,0.21341191680000002,0.99,49.600887,0.31439005500000006,1.0,70.59335796,0.27602208359999997,1.01,21.67031684,0.1399500928,1.02,64.27119904,0.1543809848,1.1,60.56669384999999,0.16525795454999997,1.11,52.866966696000006,4.9839104906,1.04,93.16527231199998,5.3314012834,1.34,1.0,1.54,1.22,0.99,1.02,0.99,0.99,0,0,1,361.753,1,-99.0,0.4821,117.7,10.67,0,1
12462,3543.149,3323.188,150.0986786,2.3111634,0,120.0,2.193841,0.0785198,1.133928,2.542032,2.172599,0.07404258,1.646582,3.577361,0.1219172,4.918136,3.249,3.191,2.544,6.639,5.576812,0.2247142,1.19,0.030809041500000002,0.027727658670000002,1.0,0.062344776,0.0382562934,1.0,0.06964507836,0.04555082268,1.0,-0.05705434,0.10978092250000002,1.0,-0.0253915368,0.0943599174,1.0,0.04911592096,0.1109639123,1.0,0.16496209729999997,0.0889734307,1.0,-0.09626713733999999,0.09265707209,1.0,0.07560824663,0.1143790729,1.0,-0.17512737129999997,0.1360841279,1.0,0.08833560247,0.03985021725,1.0,-0.009359848868,0.055442912760000004,1.0,0.11869268399999999,0.04839275346,1.0,0.091198632,0.0439904112,1.0,0.08293654928,0.1332808048,1.0,0.5134365952,0.1619684448,1.0,3.034778304,0.3221833218,1.16,2.3392976880000003,0.3010067232,1.16,0.08900632,0.134005776,1.29,0.4955038023,0.1245924069,1.25,0.6294931835,0.1883800205,1.22,5.514591545,0.2795659405,1.25,0.1033797,0.3720199,1.06,4.433033,0.78283,1.04,0.786744,0.136503,0.98,1.50707,0.259285,0.95,2.10301,0.127798,0.99,0.016287115199999997,0.07743270891,1.28,-0.03469555791,0.08343225071999999,1.32,0.5829175512,0.19913334840000002,0.97,2.093762475,0.292816125,0.98,5.436568548,0.25854633720000003,0.98,0.144936968,0.13151796359999998,0.99,16.58184376,0.1535317904,1.14,23.259611816999996,0.16911263888999997,1.08,51.44462342600001,5.426651593900001,0.78,32.01341944,6.268554812799999,0.82,1.0,1.28,1.16,0.97,0.95,0.74,0.74,0,0,1,29.34256,1,-99.0,2.4803,148.2,9.461,0,1
12479,5009.271,3314.331,150.0375366,2.3107996,0,253.0,9.615396,0.1115133,1.103345,2.542456,8.780624,0.1051548,1.646582,14.45802,0.1731459,22.15692,3.533,3.568,3.149,7.81,24.44672,0.3830836,0.58,0.6124495194,0.027867313560000002,1.0,0.767554398,0.038009485800000006,1.0,1.941992888,0.04534952224,1.0,0.3545351,0.1084103555,1.0,0.73373412,0.0941281908,1.0,0.9421026218999999,0.1106854529,1.0,0.8177489858999999,0.08857974201999999,1.0,0.7632755196000001,0.09277772492999999,1.0,1.684432626,0.1150857612,1.0,2.0201682759999997,0.13621884359999997,1.0,1.035082907,0.03997666529,1.0,0.3577414187,0.05586917518000001,1.0,0.941155272,0.04828578282,1.0,1.09801152,0.0438372864,1.0,3.094194688,0.1318819632,1.0,3.0694666880000003,0.1618615616,1.0,15.41801535,0.6790551171,0.27,14.66454876,0.5685250224,0.33,5.09601808,0.17790625599999998,0.74,7.824668969,0.1819205037,0.59,10.3590755,0.2931324485,0.5,23.34487415,0.40629375599999995,0.6,7.870249,1.27694,0.09,18.18506,2.661555,0.09,-99.0,-99.0,0.0,-99.0,-99.0,0.0,-99.0,-99.0,0.0,-99.0,-99.0,0.0,-99.0,-99.0,0.0,9.67551444,0.23859200790000004,0.69,15.916010250000001,0.334790925,0.75,22.97461212,0.3606892956,0.52,4.537980816,0.170003672,0.6,46.84714056,0.29578552880000003,0.24,56.61592875899999,0.26585794755,0.41,61.92096299000001,5.383666133999999,0.84,48.159875144,6.2346535113999995,0.95,1.0,0.0,0.27,0.52,0.0,0.81,0.59,0,0,1,83.50191,1,-99.0,1.7888,207.2,10.36,0,1
12558,3518.621,3338.803,150.0997009,2.3118138,2,175.0,8.841693,0.07885181,1.141363,2.178063,10.60095,0.07435566,1.646582,17.45533,0.1224327,16.8726,2.451,2.861,2.664,6.433,19.25776,0.2184366,1.18,0.06746468052,0.02375964081,1.0,0.097827171,0.0327685254,1.0,0.5869632076,0.039028651639999995,1.0,0.17540582500000002,0.0940684455,1.0,0.20931411900000002,0.0808418646,1.0,-0.11784229119999999,0.09508427933,1.0,0.2327309831,0.07622728497999999,1.0,0.2323058199,0.07939618258,1.0,0.2696649552,0.09801361161000001,1.0,0.36278431559999996,0.11660403509999999,1.0,0.4231663912,0.0341390134,1.0,-0.10380495380000002,0.04749089670000001,1.0,0.17494545,0.0414660318,1.0,0.47499148799999996,0.0377001648,1.0,0.9477241279999999,0.1142068304,1.0,0.9719975040000001,0.1388151872,1.0,13.328850749999999,0.27605099819999995,1.16,10.827546,0.259006422,1.15,2.0438416,0.11484591999999999,1.29,2.370975412,0.1071627414,1.24,4.824455675,0.1606858945,1.23,18.964255599999998,0.23951881499999997,1.25,3.201801,0.3233627,1.03,16.59673,0.6707442,1.04,3.95647,0.116938,0.98,7.74282,0.222258,0.95,10.841,0.110063,0.98,0.2677732458,0.062120405159999996,1.46,0.6606451565999999,0.07202726388,1.3,3.727807173,0.1706215284,0.97,12.12511125,0.25089120000000004,0.98,19.402765560000002,0.22156604640000002,0.98,1.78798758,0.1126612236,0.99,34.98099288,0.1453634688,1.16,42.24408318,0.15968429217,1.06,67.164221531,5.4458483601,0.69,53.37627254599999,6.164664205399999,0.81,1.0,1.3,1.15,0.97,0.95,0.66,0.66,0,0,1,142.5709,1,2.443,2.4361,93.96000000000001,8.929,0,1
12596,2895.028,3347.799,150.1257019,2.3121858,3,145.0,29.63269,0.09130853,1.119226,2.47042,25.3106,0.08610209,1.646582,41.67596,0.1417741,65.40698,3.606,3.538,2.649,7.133,73.2052,0.2819446,0.88,1.8838571070000003,0.02698785873,1.0,3.48073752,0.0370648434,1.0,12.76607112,0.044202689079999996,1.0,1.4209360000000002,0.106530194,1.0,3.01104342,0.0915521523,1.0,3.9478419539999994,0.10762628498,1.0,4.189809624,0.08628733882999999,1.0,6.9916917839999995,0.09036096036,1.0,10.129215864999999,0.111650668,1.0,10.74342514,0.1324589588,1.0,8.170119091,0.038713555069999996,1.0,1.0137821230000001,0.05375337933,1.0,5.217539556,0.047069690639999995,1.0,6.78102096,0.0428317152,1.0,17.25154496,0.12931503519999998,1.0,15.49234112,0.1581265408,1.0,57.08336751,0.3503967429,0.93,51.774935639999995,0.3378345456,0.87,24.8116768,0.16754601600000002,0.79,30.61217211,0.1540571864,0.77,38.091792000000005,0.228242028,0.78,72.96790184999999,0.36303425100000003,0.7,37.93368,0.3779402,0.97,68.74306,0.7918417,0.96,35.0422,0.149009,0.77,43.8832,0.255972,0.93,48.7943,0.136536,0.81,6.1783762829999995,0.08637245555999999,0.97,12.4368777,0.09394761284999999,0.98,37.45801719,0.1910622375,0.99,55.108683000000006,0.28287903000000003,0.99,71.76415356000001,0.24905117520000003,1.0,22.25066964,0.1259497904,1.01,111.329564,0.1871898824,1.32,124.70452604999998,0.21353637123,1.06,91.18831299200001,6.5991016675,0.91,80.777736146,7.9591788027999995,0.84,1.0,0.97,0.77,0.99,0.77,0.87,0.87,0,0,1,293.9603,1,-99.0,0.2201,67.48,10.55,0,1
12655,3380.634,3363.237,150.1054535,2.3128314,0,180.0,4.639633,0.07918807,1.119398,2.519175,4.699861,0.07467274,1.646582,7.738705,0.1229548,10.44137,3.235,3.438,2.72,7.125,11.68805,0.2442198,1.17,0.10055080278,0.0274893957,1.0,0.150438054,0.0378626586,1.0,0.2942241808,0.04513130116,1.0,0.18992005,0.10881909150000002,1.0,0.126909825,0.09346840440000001,1.0,0.13510893259999998,0.10997419419999999,1.0,0.25952755289999996,0.08811221034,1.0,0.2078235148,0.09188735908000001,1.0,0.2749443325,0.1134635212,1.0,0.3256635564,0.1349101768,1.0,0.2236965655,0.039462162700000004,1.0,0.2026893944,0.054867197820000005,1.0,0.17548216679999998,0.04796421864,1.0,0.16650748799999998,0.0436311744,1.0,0.5856468591999999,0.1321145072,1.0,0.4016317184,0.1607531744,1.0,6.022991708999999,0.320852619,1.15,4.164464015999999,0.3034347756,1.12,0.777373264,0.13463529600000002,1.26,1.314213199,0.12386218649999998,1.24,2.624520115,0.1870897125,1.21,11.50767505,0.27810576800000003,1.24,1.539212,0.3758343,1.02,8.059485,0.7795481,1.03,1.96065,0.1351,0.98,2.97539,0.256293,0.96,4.44064,0.108393,1.35,0.19851748469999997,0.07283196422999999,1.42,0.4469983011,0.07649801406,1.54,1.8988400070000002,0.19725742170000002,0.97,4.755571274999999,0.291607155,0.97,11.58245136,0.2564361936,0.98,0.9231711687999999,0.1295103588,1.0,30.80199856,0.1409388128,1.24,45.271475496,0.16465410468,1.06,67.068358144,4.804395734500001,0.99,50.601083949999996,5.580343908,1.07,1.0,1.42,1.12,0.97,0.96,0.94,0.94,0,0,1,62.93945,1,-99.0,2.2765,245.29999999999998,10.8,0,1
12713,1238.117,3338.865,150.1947937,2.3118033,2,511.0,25.52329,0.07918807,1.077064,2.928366,25.80562,0.07467274,1.646582,42.49106,0.1229548,69.39374,3.818,5.117,3.234,9.478,74.74152,0.334702,1.17,1.1889836784,0.032336270040000004,1.0,1.60392492,0.043419479999999996,1.0,7.485709528000001,0.052191438199999995,1.0,0.8830999150000001,0.12533084500000002,1.0,1.34743119,0.1084394787,1.0,1.8942146719999997,0.1268684771,1.0,2.0382039369999996,0.10305750609,1.0,3.139639426,0.1064260263,1.0,5.47465444,0.1323088805,1.0,6.458341560999999,0.15726893139999998,1.0,3.10580658,0.045602428630000004,1.0,1.0845610490000002,0.06398988391,1.0,2.1933547019999997,0.056161263239999995,1.0,2.97100416,0.0509458704,1.0,10.70695184,0.1529486608,1.0,11.14009088,0.18791497280000002,1.0,45.5115876,0.35514246359999996,1.25,34.91286252,0.3366191028,1.24,15.959552,0.15056947199999998,1.34,19.16210374,0.1400197617,1.3,28.2512145,0.209164468,1.3,73.80762735,0.3231043435,1.24,22.81775,0.4114476,1.15,62.46521,0.8613429,1.14,24.2946,0.156021,1.0,29.7763,0.298023,0.96,35.0874,0.146256,1.01,2.7479330909999997,0.10242167819999999,0.98,8.490958515,0.1105247754,1.0,26.091902880000003,0.2282692185,0.99,41.935897499999996,0.33836596500000005,0.99,74.95348212,0.2949233148,1.0,14.62328372,0.1501743212,1.01,129.6897904,0.1671767504,1.06,100.72776050999998,0.19750055948999998,0.75,109.89671892000001,4.8364549162,1.01,78.95338277799999,5.6757996356,1.2,1.0,0.98,1.17,0.99,0.96,0.97,0.97,0,0,1,345.5828,1,-99.0,0.9293,483.8,9.079,0,1
12751,3219.01,3391.06,150.1121826,2.3139899,0,220.0,4.505102,0.07987369,1.096933,2.965409,4.190811,0.07531927,1.646582,6.900513,0.1240193,12.17893,3.91,4.12,2.964,8.142,13.35947,0.2848053,1.15,0.1680059097,0.0323719317,1.0,0.267059208,0.0445226106,1.0,0.463216314,0.053108371359999997,1.0,0.085045044,0.128061375,1.0,0.33950506799999997,0.109982208,1.0,0.2556591875,0.12942965599999998,1.0,0.16883358029999998,0.10365268067,1.0,0.1505605145,0.1082518525,1.0,0.24082051410000002,0.133713132,1.0,0.0512780625,0.1588642489,1.0,0.3176498081,0.0464344215,1.0,0.10519669935999999,0.06452649790000001,1.0,0.2586704754,0.0564736026,1.0,0.25266048,0.05139731040000001,1.0,0.6618908816,0.155482496,1.0,0.7238584768,0.18947782400000002,1.0,5.950617771,0.3863189292,1.1,4.70788122,0.3587577276,1.11,0.9257340479999999,0.159416912,1.25,1.489620639,0.1475141798,1.21,2.40183314,0.2217954355,1.19,13.470773399999999,0.3300080795,1.22,2.511551,0.4381332,1.04,9.852829,0.9455881,0.97,2.55517,0.147895,1.13,3.31906,0.300746,0.97,4.56185,0.128355,1.33,0.2626906266,0.10316255519999999,0.98,0.5437198610999999,0.11225818889999999,0.99,2.522210355,0.2308928724,0.98,5.342420475,0.341502105,0.98,12.80428164,0.300538098,0.99,1.1633710640000001,0.1522537612,1.0,33.84338888,0.1580414392,1.22,47.778780114,0.17902602315,1.06,52.342643853,4.5940443033000005,1.18,38.248336244,5.8545234984,1.15,1.0,0.98,1.1,0.98,0.97,1.13,1.13,0,0,1,55.64062,1,-99.0,1.9717,255.80000000000004,9.153,0,1
12853,715.731,3416.122,150.216568,2.3150182,2,153.0,4.835839,0.0820426,1.137515,2.26059,5.125918,0.07736451,1.646582,8.440242,0.127387,9.610291,2.858,3.004,2.619,6.535,10.93185,0.2310088,1.09,1.5107380140000002,0.02489207802,1.0,1.65722076,0.0335705994,1.0,2.452398476,0.04028280212,1.0,1.6890605500000002,0.0967876485,1.0,1.88038011,0.08363427030000001,1.0,1.84959641,0.09783012646,1.0,1.8058727609999998,0.07929577809999999,1.0,1.6558399769999999,0.082252368,1.0,2.305334847,0.1022122729,1.0,2.213520757,0.121234001,1.0,1.762217859,0.03527694789,1.0,1.007389428,0.04948678297,1.0,1.843202898,0.043252199219999996,1.0,1.73970384,0.0392772864,1.0,3.0901877759999996,0.11803844000000001,1.0,3.198517632,0.1453763008,1.0,7.702499646,0.2833553151,1.17,6.013551996,0.2726142816,1.15,5.2488011199999995,0.132370976,1.03,6.201445042,0.1181643424,1.09,5.462326955,0.1751464475,1.12,10.7494969,0.263926432,1.12,6.568156,0.3162503,1.16,9.37604,0.6678603,1.13,-99.0,-99.0,0.0,-99.0,-99.0,0.0,-99.0,-99.0,0.0,1.9641156719999997,0.10844003519999999,0.52,2.6517536369999997,0.12183323489999999,0.49,5.321599029,0.17289020070000002,1.02,6.750730875,0.2511375825,1.06,10.311329520000001,0.2308287924,0.97,3.8578527040000004,0.1161953264,1.01,20.426840480000003,0.16451493520000002,0.85,25.262614844999995,0.23723125686,0.4,21.353346131,4.802240790600001,0.92,34.734141361999995,5.595564123599999,1.0,1.0,0.49,1.03,0.97,0.0,0.88,0.88,0,0,1,66.2567,1,-99.0,1.7841,279.2,13.0,1,0
13404,624.891,3517.584,150.2203522,2.3192449,3,294.0,3.998199,0.08742126,1.068826,3.574725,3.429374,0.08243648,1.646582,5.646744,0.1357384,13.37211,4.935,5.718,3.363,10.217,14.29246,0.4024365,0.96,0.5030400252,0.039330263520000006,1.0,0.8144448000000001,0.053165034,1.0,1.34868536,0.06365820647999999,1.0,0.559967115,0.15291932,1.0,0.652959258,0.132195462,1.0,0.9017713395,0.1547446375,1.0,0.7034062651,0.12541495119999999,1.0,0.9870023614,0.1302679895,1.0,1.153889173,0.1614980476,1.0,1.361428761,0.19159408659999996,1.0,1.1366132450000002,0.05583933702,1.0,0.28847439610000003,0.0782416216,1.0,0.994146738,0.0683144511,1.0,0.9961228800000002,0.062079657600000004,1.0,2.0195552,0.1864984992,1.0,1.3711010559999999,0.2298300192,1.0,9.97095996,0.461168052,1.11,6.6693528,0.4425193968,1.1,2.07514192,0.23322008,0.83,2.365817506,0.20588255090000002,0.9,3.7579132050000004,0.3064352865,0.92,14.587072749999999,0.463572938,0.91,3.188177,0.5000942,1.16,10.64317,1.04688,1.15,-99.0,-99.0,0.0,-99.0,-99.0,0.0,-99.0,-99.0,0.0,1.119617382,0.17505604139999997,0.5,1.4391313559999999,0.19428506369999998,0.48,3.571728561,0.2769876108,0.99,8.452017000000001,0.405633375,1.01,12.74346612,0.38480245560000004,0.87,2.183015016,0.1935051248,0.91,32.67157816,0.2291618632,0.78,44.150922152999996,0.34811523278999995,0.36,60.105360023,6.3036716058,0.98,66.17494698,7.367051721199999,1.07,1.0,0.48,0.83,0.87,0.0,0.94,0.94,0,0,1,41.6002,1,-99.0,2.5242,117.4,10.58,0,1
13407,3543.545,3555.066,150.0986633,2.3208246,3,94.0,1.866817,0.07987369,1.163596,2.205983,2.010396,0.07499392,1.646582,3.310282,0.1234836,3.539174,2.703,2.689,2.389,5.906,4.118167,0.2029007,1.15,0.3605752836000001,0.024087656280000005,1.0,0.467691276,0.0330940194,1.0,0.8917857784,0.039533512039999996,1.0,0.0809609375,0.095232355,1.0,0.42661735199999995,0.0818837439,1.0,0.6628078437,0.09649114687999999,1.0,0.5214824307,0.07723503095,1.0,0.7319338400000001,0.08039287124,1.0,0.7468204897999999,0.09926618367000001,1.0,0.7732741954,0.11806463689999999,1.0,0.7999414237000001,0.03454556538,1.0,0.20340934840000002,0.04806872185,1.0,0.6259841718,0.042019148279999995,1.0,0.794565408,0.0382642368,1.0,0.86651708,0.11565665280000001,1.0,1.028839168,0.140702896,1.0,3.295662006,0.2798995614,1.15,2.704317732,0.2670697092,1.11,1.10762336,0.117001904,1.27,1.083575597,0.10885499820000001,1.23,1.5611242550000002,0.16313589650000002,1.22,3.9703858649999995,0.2425109055,1.25,1.682706,0.32284,1.06,3.331111,0.6962861,0.99,1.7264,0.117817,0.99,2.07274,0.228776,0.92,2.91659,0.112198,0.97,0.6863910785999999,0.07531552602,1.02,0.9588855042,0.0823774419,1.02,1.397881665,0.17399763000000001,0.96,3.3011763750000003,0.2558557575,0.97,4.18702266,0.22590060480000002,0.97,1.2198467640000001,0.11403270880000001,0.99,11.0546708,0.1465008632,1.13,17.705734136999997,0.15163316883,1.05,28.290127608,4.4984780115,1.05,28.679394944,5.139197685399999,1.11,1.0,1.02,1.11,0.96,0.92,1.0,1.0,0,0,1,26.80746,1,-99.0,2.8699,116.8,9.729,1,1
13425,5033.765,3564.449,150.0365143,2.3212206,3,80.0,1.590529,0.1223643,1.096719,2.652036,1.642566,0.115387,1.646582,2.704619,0.1899942,3.846144,3.638,3.102,1.992,8.153,4.21814,0.4369712,0.49,0.0054160966619999995,0.02907346749,1.0,0.056329727999999996,0.0396903936,1.0,0.294331774,0.04735176732,1.0,-0.0270186305,0.11302936150000001,1.0,0.0754813227,0.0984818016,1.0,-0.1109962913,0.11550992389999998,1.0,0.031149720139999997,0.09231472096,1.0,0.0901479139,0.09697642372,1.0,0.03069409887,0.1198581885,1.0,0.06961418604,0.1416895165,1.0,0.1214938606,0.04173519345,1.0,0.14187314220000002,0.05825433313000001,1.0,0.11408586479999999,0.050356428780000004,1.0,0.144658704,0.0457888752,1.0,0.2197835952,0.1375417264,1.0,0.3300149248,0.1686431744,1.0,2.317255983,0.8225518221,0.2,1.04110656,0.6427208640000001,0.28,0.445264864,0.19650491199999998,0.66,0.32427291389999996,0.204229896,0.51,0.8514706870000001,0.3418099115,0.4,4.35169804,0.51100985,0.41,0.692805,1.787033,0.05,1.812741,3.724755,0.05,-99.0,-99.0,0.0,-99.0,-99.0,0.0,-99.0,-99.0,0.0,-99.0,-99.0,0.0,-99.0,-99.0,0.0,0.9720736830000001,0.2506736556,0.68,1.942980375,0.3568745775,0.72,3.7282915800000005,0.3834834948,0.5,0.2692562884,0.1833101976,0.56,14.29939408,0.3414690016,0.26,28.090639863,0.3261684816,0.38,43.648995933,6.1057489917000005,0.92,136.79192561999997,6.513462399,1.13,1.0,0.0,0.2,0.5,0.0,0.88,0.49,0,0,1,14.23527,1,-99.0,5.0601,235.9,9.059,0,1
13560,3673.615,3555.457,150.0932312,2.3208416,0,494.0,41.488,0.07987369,1.093907,2.326781,47.8005,0.07531927,1.646582,78.70743,0.1240193,88.24654,2.798,3.846,3.308,8.311,96.53348,0.291326,1.15,2.945258205,0.02540426562,1.0,4.57583724,0.034932807,1.0,18.50492688,0.04171066504,1.0,2.71480475,0.100404938,1.0,3.85675647,0.0864019674,1.0,5.102131718,0.10173881141,1.0,6.271718067999999,0.08153100571,1.0,12.01978866,0.08474278692,1.0,15.36007805,0.10462839659999999,1.0,17.10413327,0.12449452609999999,1.0,11.72932802,0.0364673407,1.0,2.000714927,0.050762466980000004,1.0,7.48910955,0.04432283742,1.0,11.564524800000001,0.0403492512,1.0,25.88491984,0.12194160159999999,1.0,27.39753056,0.14825962239999999,1.0,75.78100272,0.2911998663,1.18,65.47270212,0.27583751879999996,1.16,33.5493168,0.12274956799999999,1.28,38.13662969999999,0.114884146,1.23,47.883982950000004,0.173081361,1.21,94.77439079999999,0.255804033,1.25,45.17593,0.3437771,1.04,85.75846,0.7165427,1.04,44.7091,0.103105,1.44,54.0343,0.167199,1.91,63.408,0.0984805,1.4,9.486341343,0.06552265443,1.5,20.99382246,0.07169077772999999,1.5,46.24409502,0.1836123444,0.96,70.84534275000001,0.27137586,0.96,95.79403116,0.23938848000000001,0.96,32.15154512,0.1209742576,0.98,66.20924448000001,0.149790116,1.06,69.621370065,0.15974999819999997,1.06,61.542196721,4.5976827157999995,1.02,154.20666917999998,5.943192832799999,0.98,1.0,1.5,1.15,0.96,1.4,0.97,0.97,0,0,1,634.6384,1,-99.0,0.3741,185.0,9.75,0,1
13652,749.964,3602.349,150.2151489,2.3227775,2,348.0,15.63017,0.07987369,1.096574,2.412961,16.36866,0.07531927,1.646582,26.95233,0.1240193,34.39346,3.125,3.823,3.209,8.161,37.71497,0.2855254,1.15,0.9453894099,0.02659929024,1.0,1.15003824,0.035837802,1.0,4.47744044,0.04297539092,1.0,0.8078344100000001,0.102992796,1.0,0.985961067,0.08935854060000001,1.0,1.389631129,0.10443209663,1.0,0.9552836832,0.08489824650999998,1.0,1.903969958,0.08775970917999999,1.0,3.791286409,0.1087265804,1.0,4.108140077999999,0.12939696209999998,1.0,2.125628743,0.03759470523,1.0,0.6276757580000001,0.05279050292,1.0,1.3879906439999998,0.04618615788,1.0,2.3026540800000004,0.0419923104,1.0,5.871583952,0.1261202384,1.0,6.22106512,0.15523059520000002,1.0,33.56494134,0.29977863180000003,1.2,21.21434052,0.28671322920000003,1.19,10.0309376,0.13561617599999998,1.12,12.20037949,0.12174493369999999,1.17,16.176741800000002,0.1815267435,1.19,36.37011809999999,0.270345128,1.21,13.77395,0.3375666,1.16,31.35091,0.7066502,1.15,-99.0,-99.0,0.0,-99.0,-99.0,0.0,-99.0,-99.0,0.0,1.7686459319999999,0.08232584627999999,1.03,4.442355216,0.09231402843,0.97,15.2689293,0.1825898841,1.04,28.271145,0.265305075,1.08,36.740030759999996,0.24364653480000004,0.99,9.040526084,0.1232862168,1.02,72.39904688,0.1692817632,0.83,98.93173668299998,0.22184136350999997,0.47,125.70087875,4.9936915471,0.89,104.91111471399999,6.134231175999999,0.94,1.0,0.97,1.12,0.99,0.0,0.86,0.86,0,0,1,217.3236,1,-99.0,1.52,255.2,9.440999999999999,1,1
13746,3268.431,3644.715,150.1101227,2.3245585,0,152.0,6.930958,0.07819195,1.152441,2.119126,8.26868,0.07373343,1.646582,13.61506,0.1214081,12.74475,2.4,2.772,2.518,6.156,14.68757,0.2071072,1.2,0.6593469957,0.023159615430000002,1.0,0.673041486,0.031707475799999996,1.0,1.717435764,0.03793782212,1.0,0.766135385,0.091447932,1.0,0.699519387,0.0786238782,1.0,0.5470075880999999,0.09280976250999999,1.0,0.6463277358999999,0.07407855917,1.0,1.043576919,0.07734989438,1.0,1.450525896,0.09556352226,1.0,1.611392223,0.1134913934,1.0,1.079369082,0.03312938648,1.0,0.48535202390000004,0.04608413141,1.0,0.8102615987999999,0.04036855776,1.0,1.13592336,0.036809688,1.0,2.612300912,0.1110567536,1.0,3.024272768,0.135463936,1.0,10.30431459,0.2736834723,1.11,11.32090056,0.2551419372,1.12,4.27827648,0.11402608,1.24,5.436684058,0.1044205513,1.23,6.135661915000001,0.158810792,1.18,14.1716562,0.23394691799999998,1.24,6.158437,0.3241971,0.97,13.53981,0.6722751,0.98,5.79261,0.111766,1.01,7.74337,0.219383,0.93,9.68062,0.105968,1.0,0.971167959,0.05943782147999999,1.51,2.120416272,0.06586815924,1.47,6.103880289000001,0.16709059440000001,0.96,11.189057250000001,0.24592664250000001,0.97,14.55611724,0.21742807320000002,0.97,4.006901292,0.1087849584,1.0,23.60757288,0.1406193824,1.2,24.890964461999996,0.15377678900999997,1.08,24.294217242000002,4.645083452,0.98,27.478495189999997,5.3767140456,1.01,1.0,1.47,1.11,0.96,0.93,0.94,0.94,0,0,1,112.1429,1,-99.0,1.3179,37.330000000000005,12.68,0,1
14036,897.93,3715.983,150.2089691,2.3275132,0,177.0,12.48648,0.07987369,1.149337,2.090873,14.50527,0.07531927,1.646582,23.8841,0.1240193,22.7154,2.414,2.814,2.539,6.228,26.10764,0.2140662,1.15,0.1250228391,0.023089728150000002,1.0,0.212857866,0.0310234314,1.0,0.8807469,0.037228626599999995,1.0,0.139181115,0.089075287,1.0,0.086294229,0.07754215349999999,1.0,0.34207981779999996,0.09063000823,1.0,0.3122736078,0.07376514837999999,1.0,0.4936514957,0.07596178546,1.0,0.5099998112,0.09402624708000001,1.0,0.6811063728,0.11217867499999999,1.0,0.4462304354,0.03248178069,1.0,0.011519673629,0.04569225300000001,1.0,0.370889013,0.04007662482,1.0,0.45230366400000005,0.0364548288,1.0,1.9735919839999998,0.1093502384,1.0,2.065092832,0.1345356512,1.0,19.9818798,0.2550322953,1.25,17.070502200000004,0.24411134520000002,1.23,4.1045191999999995,0.10803344,1.33,7.853858467,0.0997108229,1.31,12.0246019,0.150766157,1.29,24.92852975,0.22984327749999997,1.25,10.39732,0.2900179,1.18,23.13319,0.6150047,1.14,-99.0,-99.0,0.0,-99.0,-99.0,0.0,-99.0,-99.0,0.0,0.4771927863,0.07199507768999999,1.01,1.2032705879999999,0.08037551924999999,0.96,11.23025832,0.1599654717,1.02,18.91349775,0.235691295,1.03,25.055606880000003,0.2112341868,0.99,3.38603722,0.10674427160000001,1.02,44.348404640000005,0.15949564400000002,0.84,47.40256883699999,0.21896362682999998,0.48,56.251131949000005,4.7336238438,0.92,34.83477412,5.438566658599999,0.99,1.0,0.96,1.15,0.99,0.0,0.88,0.88,0,0,1,192.5837,1,-99.0,1.8937,7.816,10.370000000000001,0,1
14039,2221.796,3727.173,150.1537781,2.3279884,0,115.0,1.91658,0.07819195,1.141861,2.524236,1.853679,0.07373343,1.646582,3.052233,0.1214081,4.236856,3.299,2.837,2.676,6.42,4.837901,0.2161761,1.2,0.013892011620000002,0.027726102960000002,1.0,-0.017674527000000002,0.0376375506,1.0,0.07426744776,0.04495023192,1.0,-0.0375476795,0.10810296000000001,1.0,-0.057382050600000005,0.0933945012,1.0,0.23590691819999998,0.11028611189999998,1.0,0.021636209979999998,0.08821464113,1.0,-0.06865266848,0.09268332711,1.0,0.05139012984,0.1140647639,1.0,0.036191018289999995,0.1353325561,1.0,0.10873357,0.03951139131,1.0,0.04406974977,0.05490443682,1.0,-0.053876116919999995,0.04821999774,1.0,0.08516867040000001,0.0438967488,1.0,0.193221704,0.131145872,1.0,-0.06494904928,0.161768144,1.0,2.275327206,0.306187731,1.26,1.7784751920000001,0.2920538112,1.23,0.28842752,0.130377984,1.34,0.4787068013,0.1213769258,1.29,0.492666113,0.181729591,1.28,4.9063715949999995,0.27132026049999997,1.31,0.09995308,0.3609995,1.11,3.810562,0.7457511,1.13,0.165843,0.133991,1.0,1.36262,0.262264,0.92,1.85117,0.124544,1.02,0.09943817666999999,0.07695570590999999,1.29,0.11340602909999999,0.08773422371999999,1.18,0.7115473998,0.1948754574,1.0,1.5927282,0.2884460775,1.0,4.4681007600000004,0.2527775784,1.01,0.2091973352,0.1282135444,1.02,16.336402160000002,0.1543141224,1.1,26.85262788,0.14885914563,1.16,25.204522957,4.917164440600001,0.91,48.21511372,5.338788279799999,1.12,1.0,1.18,1.2,1.0,0.92,0.87,0.87,0,0,1,25.14028,1,-99.0,2.8676,83.16,8.645,0,1
14207,418.178,3770.283,150.2289886,2.3297718,0,181.0,5.157117,0.1165617,1.114365,2.633825,4.394444,0.1099153,1.646582,7.23581,0.1809845,12.18895,3.677,3.32,2.973,7.32,13.58294,0.3700478,0.54,0.18350078130000003,0.02896301208,1.0,0.24218376,0.0393889314,1.0,0.5882074264,0.04675770572,1.0,0.110747935,0.112621469,1.0,0.10447196759999999,0.0974441517,1.0,0.36943359699999995,0.11427196679999999,1.0,0.29534984709999995,0.09267496931,1.0,0.27293696650000004,0.0963178436,1.0,0.23488210180000002,0.11894669240000001,1.0,0.5230433278,0.14123269859999998,1.0,0.4678694924,0.04118017268,1.0,0.02284153369,0.057542819970000006,1.0,0.3390195894,0.05011136538,1.0,0.507425856,0.0456463296,1.0,0.5850529776,0.1369353232,1.0,1.0829624640000002,0.1687054528,1.0,8.931256257,0.46263842039999997,0.61,6.27912672,0.49376915160000007,0.49,1.42567248,0.297535552,0.28,1.804098361,0.2522003536,0.33,2.95433036,0.36472277350000004,0.36,13.1453924,0.5974975344999999,0.3,2.916276,0.5039985,0.62,10.65071,0.9079274,0.83,-99.0,-99.0,0.0,-99.0,-99.0,0.0,-99.0,-99.0,0.0,-99.0,-99.0,0.0,-99.0,-99.0,0.0,2.8226985030000002,0.2208419838,0.84,7.12999035,0.30941153250000003,0.93,13.21536744,0.32183999280000003,0.67,1.314924432,0.1576064288,0.74,36.308316319999996,0.20894258960000003,0.6,50.052489902999994,0.34008264459,0.22,64.228188254,5.2141783409,0.84,56.57184108599999,5.678907334199999,1.07,1.0,0.0,0.28,0.67,0.0,0.81,0.54,0,0,1,39.98027,1,-99.0,2.3819,218.29999999999998,11.979999999999999,0,1
14208,3427.756,3741.904,150.1034851,2.3286085,2,170.0,2.484686,0.07952866,1.098617,3.066698,2.240666,0.07499392,1.646582,3.689439,0.1234836,6.935793,4.022,4.632,2.577,8.05,7.619782,0.2800294,1.16,0.045439776030000004,0.03353165367,1.0,0.00673315266,0.045836349,1.0,2.044620248,0.054896717479999996,1.0,-0.056609213000000005,0.132315025,1.0,0.09445953089999999,0.113866578,1.0,0.0063480540519999995,0.1345056039,1.0,-0.0206707655,0.10730864759999999,1.0,0.5259331451,0.1118704356,1.0,1.6761997579999999,0.1382381677,1.0,1.6597075529999998,0.1642295802,1.0,0.46785285449999997,0.0479259603,1.0,-0.01921371031,0.06676195507,1.0,0.2673818736,0.05840205588,1.0,0.492492768,0.0532883424,1.0,2.23747576,0.16066375519999998,1.0,2.862971712,0.1959110144,1.0,5.364691482,0.3916756869,1.13,4.714170924,0.3725365236,1.1,3.33706112,0.162579152,1.27,3.467213958,0.1517148789,1.22,3.75762625,0.22700020550000002,1.21,7.502406725,0.34147119149999994,1.22,3.949383,0.4575189,1.02,5.806658,0.9583265,1.01,3.5806,0.161916,1.01,3.80094,0.299553,1.04,4.40423,0.153648,1.0,0.40034252849999996,0.10371669059999998,1.04,2.318005989,0.1150306794,1.01,3.251754189,0.23843339910000003,0.99,4.399862775000001,0.3543927975,0.98,7.391913408000001,0.3147987564,0.97,3.5014934,0.1575383744,1.0,12.167824959999999,0.1596022256,1.19,11.043257237999999,0.16718154804,1.11,26.187085035000003,5.223134356,0.97,34.074566964,5.964670741599999,1.05,1.0,1.01,1.1,0.97,1.0,0.93,0.93,0,0,1,29.87797,1,-99.0,4.7314,-7.109,9.908,0,1
14230,4361.458,3751.969,150.0645447,2.3290317,0,325.0,25.67262,0.07918807,1.117162,2.225477,30.97166,0.07467274,1.646582,50.99736,0.1229548,51.14191,2.518,3.374,2.839,7.211,57.1338,0.2473887,1.17,9.509995395,0.02432938968,1.0,8.93365434,0.0334340136,1.0,19.11903576,0.03989160428,1.0,6.1159775000000005,0.0955192655,1.0,9.81561378,0.0828715314,1.0,6.562100827999999,0.09712199772999999,1.0,8.405590885999999,0.07821503305,1.0,16.372009170000002,0.08092999683999999,1.0,13.810331900000001,0.1002108343,1.0,18.954802859999997,0.1189823243,1.0,15.3411225,0.03501054575,1.0,4.390788425,0.04878631738,1.0,16.636729919999997,0.042327014999999996,1.0,23.1895152,0.038586355200000005,1.0,26.67127632,0.1160009968,1.0,42.074445440000005,0.14141236480000002,1.0,42.85357665,0.2740791915,1.21,36.389809680000006,0.2602653072,1.21,28.1701904,0.11669544,1.29,30.59150185,0.1079402909,1.27,30.1445238,0.163574245,1.25,56.464415849999995,0.242036981,1.28,34.05361,0.3182729,1.11,38.30642,0.6663921,1.1,28.8368,0.113979,1.06,31.4399,0.207169,1.15,34.3177,0.108022,1.04,9.23467659,0.1052918154,0.53,17.56409148,0.1168631451,0.52,29.39587524,0.17938560870000003,0.93,39.141999750000004,0.2666207775,0.92,58.14767484,0.238865544,0.89,28.401464120000004,0.1177558516,0.95,80.80018168000001,0.1854201248,0.58,108.28926458999999,0.16198087932,0.88,183.95502453000003,4.3041376027,0.98,275.161915,6.2517960802,0.86,1.0,0.52,1.17,0.89,1.04,0.93,0.93,0,0,1,414.7652,1,2.447,3.351,307.59999999999997,8.157,0,1
14251,3091.263,3774.658,150.1175232,2.3299718,0,165.0,3.481178,0.08166883,1.117859,2.534338,3.544084,0.07736451,1.646582,5.835624,0.127387,7.892303,3.268,3.464,2.744,7.184,8.82248,0.2540809,1.1,0.08075116194000001,0.027730291410000003,1.0,0.11233497599999999,0.0378295008,1.0,0.31450963719999997,0.04530666888,1.0,0.011889024050000002,0.10922734550000002,1.0,0.23036317499999998,0.0940370361,1.0,0.1656390917,0.11119596179999999,1.0,0.030142923579999998,0.08851486567,1.0,0.1690713057,0.09263452484000001,1.0,0.2047033683,0.11450074090000001,1.0,0.16199208409999996,0.1358126707,1.0,0.2139222886,0.039571385619999996,1.0,0.025388681290000003,0.05508454945,1.0,0.1665247734,0.04827926022,1.0,0.206270688,0.044076230400000006,1.0,0.3990732304,0.132599272,1.0,0.23185743360000002,0.1621712704,1.0,5.4016931669999995,0.33290265659999996,1.07,4.01601378,0.3122431944,1.07,1.10886288,0.147523376,1.06,1.246339406,0.1319429059,1.1,1.887283245,0.192906983,1.14,8.536117909999998,0.295943114,1.11,1.150345,0.3818586,1.0,6.820197,0.7959167,1.0,1.67019,0.134107,1.0,2.75724,0.17816,2.02,3.66707,0.127777,0.98,0.1544180499,0.07783521824999999,1.26,0.2780570052,0.08476081262999999,1.27,1.347362874,0.1958573214,1.0,4.6994619,0.2900600325,1.0,8.691661152,0.2591060724,0.98,0.657485846,0.129322264,1.01,26.43130408,0.1649154808,1.21,37.579444461,0.16281610605,1.17,46.911181525,4.3390683701,1.17,33.154586668,4.958717481199999,1.34,1.0,1.26,1.06,0.98,0.98,1.12,1.1,0,0,1,45.8102,1,-99.0,2.2891,132.1,12.26,0,1
14472,4941.658,3810.774,150.0403595,2.3314836,0,378.0,20.6155,0.10967,1.088488,2.811455,20.17229,0.1034166,1.646582,33.21533,0.1702838,53.24778,3.728,4.741,2.902,8.643,57.95955,0.4178042,0.61,0.47947341210000005,0.030786064860000004,1.0,0.680944602,0.0420914442,1.0,4.785074228,0.05021595348,1.0,0.36807086499999997,0.120044992,1.0,0.661883292,0.10456635,1.0,0.7505894713,0.1229808385,1.0,0.6640785382,0.0979854414,1.0,1.351061283,0.1028625587,1.0,3.808593682,0.1271511712,1.0,4.214423675,0.1500682253,1.0,1.760495347,0.04420161532,1.0,0.18742140440000002,0.061608698120000006,1.0,1.075278564,0.053260942559999996,1.0,1.8481315200000001,0.048585888,1.0,7.2138994720000005,0.145800616,1.0,7.693040352,0.17860098559999998,1.0,38.023668629999996,0.5365108539,0.52,30.294085439999996,0.46507639079999996,0.6,12.2057584,0.17293841599999998,0.95,15.08455689,0.1719224728,0.8,18.71134605,0.2714267765,0.71,57.545650849999994,0.48055236949999997,0.52,17.59811,0.7608315,0.31,55.6877,1.765893,0.25,-99.0,-99.0,0.0,-99.0,-99.0,0.0,-99.0,-99.0,0.0,-99.0,-99.0,0.0,-99.0,-99.0,0.0,18.392012100000002,0.2468755413,0.79,34.58063175,0.351931965,0.84,58.1969664,0.37125453960000004,0.6,11.47973756,0.1777883392,0.67,89.78285168000001,0.282412944,0.31,64.710974133,0.26563292261999993,0.43,72.214157415,4.5036852071,1.15,53.588281245999994,5.8972086216,1.21,1.0,0.0,0.52,0.6,0.0,1.11,0.61,0,0,1,195.0586,1,-99.0,0.7549,125.2,10.040000000000001,0,1
14521,2029.568,3832.101,150.1617889,2.3323591,3,333.0,23.94917,0.07952866,1.110664,2.153993,29.25031,0.07499392,1.646582,48.16303,0.1234836,46.44641,2.426,3.319,3.101,7.475,51.58634,0.2582527,1.16,0.7850196429,0.023713807200000003,1.0,0.945532692,0.0320668374,1.0,3.857639236,0.03829223596,1.0,0.5076231200000001,0.092095258,1.0,0.845038572,0.0797167329,1.0,1.0520735782,0.09423066095999999,1.0,1.2057296020000001,0.07537450382,1.0,2.589035581,0.0790717026,1.0,2.594306486,0.09726383256,1.0,3.277724142,0.11553238689999999,1.0,2.177206233,0.03364936979,1.0,0.7597935235,0.046856220010000005,1.0,1.572906354,0.041170371659999996,1.0,2.30912016,0.0374766336,1.0,6.7144844,0.1117114544,1.0,7.707759936,0.1380543808,1.0,32.72743269,0.26129687939999996,1.26,30.41430756,0.248981616,1.24,11.3848448,0.111428944,1.33,13.48541285,0.10314459740000001,1.3,18.8046559,0.1544658975,1.29,50.789043649999996,0.231598516,1.31,16.13099,0.302645,1.15,42.17597,0.6335706,1.14,16.8498,0.116898,0.96,22.3901,0.16145,1.77,28.073,0.1085,0.98,1.8952547069999996,0.05579016939,1.79,4.734588339,0.060141388319999996,1.83,16.64882586,0.16406853030000002,1.03,30.7311795,0.2437141875,1.02,50.69661156000001,0.2166146172,1.0,10.10617292,0.1085203024,1.04,69.78929631999999,0.14993998,1.11,92.005925427,0.15318022824,1.2,143.34461994,4.136699365,1.29,218.80757051999998,4.6327041428,1.29,1.0,1.79,1.16,1.0,0.96,1.24,1.16,0,0,1,390.0358,1,-99.0,0.6629,321.79999999999995,10.81,1,1
14598,4274.419,3879.032,150.0681763,2.3343256,0,101.0,3.415951,0.08130012,1.175927,2.095477,4.194585,0.07666437,1.646582,6.906726,0.1262341,6.087152,2.235,2.531,2.346,5.678,7.158045,0.1987754,1.11,0.17268261330000004,0.02293176375,1.0,0.26149336199999995,0.0313997268,1.0,0.4511061016,0.03752924384,1.0,0.133305535,0.09001940450000001,1.0,0.27903132599999997,0.0781005456,1.0,0.22196452079999998,0.09158853455999999,1.0,0.35408878889999995,0.07371314181000001,1.0,0.3984790524,0.07627504192,1.0,0.4369929278,0.09435566319,1.0,0.45332339499999996,0.11212600419999999,1.0,0.4079211813,0.03291769367,1.0,0.1409148586,0.04594125778,1.0,0.40110355979999995,0.039853831439999994,1.0,0.31169424,0.0363802272,1.0,0.45014078719999995,0.1092339664,1.0,0.647628032,0.1332698848,1.0,5.999219459999999,0.2588595207,1.2,4.772733168,0.2479229436,1.18,1.0333888,0.109719968,1.29,1.205955127,0.1019961423,1.26,1.653286285,0.1538068905,1.25,7.098752394999999,0.2287984205,1.27,1.423522,0.2983404,1.12,4.91971,0.6274652,1.1,1.61841,0.108423,1.04,3.15672,0.189956,1.21,4.40388,0.101352,1.05,0.33820730579999997,0.09824079764999999,0.54,0.5285075796,0.0990220959,0.64,1.629441072,0.1643970771,0.98,5.252226525,0.24698000250000002,0.95,6.912991188,0.22243470120000003,0.91,0.958328828,0.10849667240000001,0.99,10.199818248000001,0.1936837096,0.6,12.4508241,0.17023682636999998,0.97,23.139731391,4.2680846987,1.02,24.648078591999997,5.5892472159999995,1.0,1.0,0.54,1.11,0.91,1.04,0.97,0.97,0,0,1,54.71361,1,-99.0,2.5499,53.949999999999996,7.938000000000001,1,0
14762,2268.359,3885.836,150.151825,2.3345995,3,648.0,27.34503,0.07819195,1.065984,2.92355,28.53165,0.07373343,1.646582,46.97969,0.1214081,74.99604,3.82,5.584,3.641,10.506,79.94455,0.371604,1.2,1.1275044126,0.032141327610000006,1.0,1.45692534,0.0435529224,1.0,3.6733973759999996,0.0519978624,1.0,1.117450725,0.12521155,1.0,1.0117860060000001,0.10826462640000001,1.0,0.7613921849999999,0.1281204651,1.0,1.092971341,0.10212655684,1.0,1.543344231,0.1073830318,1.0,2.3184141570000003,0.132192282,1.0,2.4381819769999997,0.1568708617,1.0,2.0278076780000003,0.04568287777,1.0,1.49477346,0.06358087556,1.0,1.2527585099999998,0.05580960192,1.0,1.59268032,0.050869444800000004,1.0,6.949344896,0.15169024,1.0,6.77576368,0.1872425344,1.0,46.398949110000004,0.35570694540000003,1.25,38.53614756,0.3390499884,1.23,12.7042992,0.151483008,1.33,16.74889918,0.1400101027,1.3,23.0747442,0.209631512,1.29,78.45764519999999,0.314556524,1.31,20.13467,0.4055156,1.18,66.53436,0.8675703,1.12,20.53,0.155,1.0,29.0378,0.300382,0.94,36.9193,0.144157,1.02,1.4172165089999997,0.08344111989,1.47,4.304488149,0.09049467258,1.49,21.433619070000002,0.22035954870000002,1.05,42.2989875,0.32774458500000003,1.04,79.33781628,0.2916636804,1.02,11.5304948,0.14643511,1.05,164.0279296,0.18128366880000002,1.09,163.72505682,0.17328419081999996,1.22,133.24960608,5.2803934336,0.97,125.97916469999998,6.3459469762,1.0,1.0,1.47,1.2,1.02,0.94,0.93,0.93,0,0,1,386.9568,1,-99.0,1.2112,184.29999999999998,12.57,0,1
14803,4848.356,3904.029,150.0442505,2.3353689,2,302.0,15.25219,0.09517221,1.102556,2.438284,16.06538,0.08974547,1.646582,26.45296,0.1477732,33.72996,3.126,3.577,3.172,7.848,37.18917,0.3259051,0.81,0.6883334631,0.026681982210000003,1.0,0.762575658,0.0364985244,1.0,1.607240096,0.043556118320000003,1.0,0.6924339700000001,0.10424286300000002,1.0,0.945541359,0.0907470081,1.0,0.8474976596999999,0.10683893562999999,1.0,0.9646089992,0.08516323739,1.0,1.174381032,0.08913148387,1.0,1.482027769,0.11030623660000001,1.0,1.186288222,0.13020626919999997,1.0,1.1656121259999999,0.03831238594,1.0,0.5960238493000001,0.05338595453,1.0,0.943652496,0.04616519238,1.0,1.12655712,0.0421684176,1.0,2.319295472,0.1264932032,1.0,2.8602785920000002,0.1548762816,1.0,25.97809257,0.3780844782,0.78,21.32955732,0.3390669876,0.85,4.51037904,0.139653888,1.09,7.574674731,0.130386841,1.04,12.833716050000001,0.198382876,1.0,36.6702366,0.33602762799999997,0.8,11.69977,0.4592323,0.64,31.16377,1.05184,0.53,-99.0,-99.0,0.0,-99.0,-99.0,0.0,-99.0,-99.0,0.0,-99.0,-99.0,0.0,-99.0,-99.0,0.0,12.07466136,0.20289369869999999,0.88,24.189774,0.28913734500000005,0.94,36.14465844,0.297942786,0.7,3.937807172,0.1438225772,0.77,70.29434848,0.2662900928,0.31,81.34655384699998,0.23280469055999997,0.52,75.61196295100001,4.6834087328,1.07,54.119867948,5.753346179399999,1.05,1.0,0.0,0.78,0.7,0.0,1.03,0.81,0,0,1,179.0105,1,-99.0,1.9699,25.8,10.14,0,1
15262,5015.34,4029.201,150.0372925,2.3405845,0,183.0,2.624941,0.1211344,1.097949,3.345024,1.83502,0.1142273,1.646582,3.02151,0.1880846,7.997176,4.549,4.548,2.649,8.087,8.780489,0.4287204,0.5,0.14854397760000002,0.03668220576,1.0,0.221925054,0.0499360524,1.0,0.7339677048,0.05963137003999999,1.0,0.0879957275,0.14293228,1.0,-0.18346914599999997,0.12467492100000001,1.0,0.435411206,0.1469002851,1.0,0.153350813,0.11637234839999999,1.0,0.3337443945,0.1228895272,1.0,0.4010126585,0.1513002414,1.0,0.5023234454,0.17867049549999997,1.0,0.4844036502,0.05243718008,1.0,0.027487471330000002,0.07341768154,1.0,0.1932152526,0.06335224337999999,1.0,0.423561984,0.0579486624,1.0,0.58659224,0.1732103984,1.0,0.46527771840000004,0.2123238976,1.0,4.820121729,0.9058167671999999,0.26,4.06063668,0.746094888,0.33,0.527634384,0.23057999999999998,0.76,1.049025354,0.2414247732,0.58,1.806500465,0.4005129885,0.46,8.49066562,0.7665087119999999,0.29,0.8788096,1.593813,0.1,2.923927,3.714133,0.08,-99.0,-99.0,0.0,-99.0,-99.0,0.0,-99.0,-99.0,0.0,-99.0,-99.0,0.0,-99.0,-99.0,0.0,1.441149768,0.2871300771,0.82,5.96072085,0.4116872025,0.87,8.561943972,0.4503069684,0.58,0.8756795948,0.211479048,0.67,20.3863772,0.3549755208,0.27,25.289230472999996,0.30780453131999996,0.41,42.172302308000006,5.684750037800001,0.99,39.084158074,6.526524461199999,1.21,1.0,0.0,0.26,0.58,0.0,0.95,0.5,0,0,1,16.06463,1,-99.0,2.8175,56.910000000000004,9.343,0,1
15317,2988.095,4046.87,150.1218262,2.3413129,0,231.0,3.156201,0.0820426,1.088737,2.940044,2.965423,0.07736451,1.646582,4.882811,0.127387,8.523055,3.983,4.084,3.357,8.627,9.279368,0.3105222,1.1,0.4648545249,0.03224304711,1.0,0.564933876,0.043720638000000006,1.0,0.7215678184,0.052389611999999995,1.0,0.53151827,0.126487645,1.0,0.388276728,0.1092206934,1.0,0.5506901597,0.1295872338,1.0,0.5409463905999999,0.10264799391,1.0,0.6557381644,0.107585456,1.0,0.772571522,0.1332842523,1.0,0.9481361868999999,0.15785945209999996,1.0,0.7224577447,0.045780747770000005,1.0,0.21955245490000003,0.06398293263,1.0,0.6645150336,0.055951235519999996,1.0,0.7283113440000001,0.051186912,1.0,0.8235930351999999,0.15329926559999998,1.0,0.8489050880000001,0.18810012480000002,1.0,5.062790709,0.3888144819,1.05,4.893238608000001,0.3711133128,1.02,1.3855784,0.19067624,0.85,1.397116396,0.1681689854,0.91,2.588502315,0.2448626595,0.95,8.910255535,0.38659506899999996,0.88,1.622402,0.4262654,1.08,5.931045,0.9053997,1.04,2.62778,0.15773,0.97,3.423,0.264318,1.23,4.73787,0.14879,0.97,0.4868252022,0.11345871569999999,0.8,0.7441616987999999,0.1131700518,0.96,2.610842463,0.21597137190000001,1.11,4.833755325,0.3244837575,1.08,9.250476372,0.2857177044,1.09,1.1474255400000002,0.1437583036,1.1,14.118823680000002,0.1437825608,1.24,18.467080632,0.17330657876999997,1.09,21.534353389,4.607274073000001,1.28,30.482431127999995,5.7229935123999995,1.18,1.0,0.8,0.85,1.08,0.97,1.22,1.09,0,0,1,38.33053,1,-99.0,2.2999,98.76,11.09,1,0
15360,4005.929,4028.89,150.0793762,2.3405683,2,265.0,7.082438,0.0785198,1.097526,2.427016,7.89867,0.07404258,1.646582,13.00581,0.1219172,15.66176,2.975,4.016,3.017,8.11,17.18919,0.2787708,1.19,1.357464678,0.026598572220000002,1.0,1.92552516,0.0361975692,1.0,3.9349500079999995,0.04338286567999999,1.0,0.5720809800000001,0.1044408445,1.0,2.1231810600000003,0.0904781073,1.0,2.4461686919999996,0.10643506157,1.0,2.4824223269999997,0.08536419583999999,1.0,3.3228433479999997,0.08846268233,1.0,3.569039529,0.1093846015,1.0,4.126270987999999,0.1301353662,1.0,3.1593023220000003,0.03798687032,1.0,0.6892492032,0.05319131869,1.0,2.555824902,0.04615634028,1.0,3.22918224,0.0422026176,1.0,4.726340528,0.12662468,1.0,5.252459264,0.1547290016,1.0,14.610864569999999,0.3047251218,1.16,13.12177692,0.2884216488,1.16,6.58348112,0.126393952,1.3,7.399682628,0.1190587658,1.24,8.762269875,0.17828514150000002,1.24,17.03773735,0.2652309875,1.27,7.784477,0.3568751,1.05,14.78446,0.740326,1.06,8.56043,0.12737,1.02,10.8728,0.215445,1.25,13.015,0.120464,1.01,3.0456032609999997,0.09303293978999999,0.81,4.292349399,0.09345070098000001,0.96,8.502451308,0.1828419588,1.06,13.469940750000001,0.27296986500000003,1.04,16.722331200000003,0.24331340520000003,1.02,6.045697692,0.12122473560000001,1.06,28.4415672,0.1658319568,0.84,34.752242069999994,0.15357862961999996,1.13,26.82518731,4.4262055893,1.14,42.536865146,4.9419756669999995,1.35,1.0,0.81,1.16,1.02,1.01,1.09,1.09,0,0,1,106.6774,1,-99.0,2.811,160.0,8.478,0,1
15674,285.484,4143.862,150.2345123,2.3453355,0,186.0,8.480476,0.1590573,1.12708,2.267941,8.276327,0.1499878,1.646582,13.62765,0.2469672,17.06465,3.076,2.992,2.892,6.854,19.23322,0.470707,0.29,0.19687869060000002,0.025058060310000005,1.0,0.334425312,0.0340728336,1.0,1.811952252,0.0400177734,1.0,0.33585278,0.09695442050000001,1.0,0.191309118,0.0843699633,1.0,0.2822995494,0.09894007858,1.0,0.3018638546,0.08038010980999999,1.0,0.6631767527,0.08299873208,1.0,0.8898980022,0.1027141534,1.0,1.240215018,0.12253152589999998,1.0,0.7198299352,0.035285168969999996,1.0,0.08476539788000001,0.049358556680000006,1.0,0.5316226493999999,0.04293799626,1.0,0.759393216,0.0392983536,1.0,2.7615762719999997,0.11747765119999999,1.0,2.874282816,0.1443882624,1.0,14.50126587,0.6464335004999999,0.24,12.05233836,0.7504872924,0.16,5.10478256,0.415472464,0.11,6.833636251,0.3504748832,0.13,10.31009525,0.5304739185,0.13,20.116326649999998,0.9464636045,0.09,5.981732,0.8823162,0.15,20.53375,1.239875,0.33,-99.0,-99.0,0.0,-99.0,-99.0,0.0,-99.0,-99.0,0.0,0.6119806403999999,0.1136850384,0.47,2.06154819,0.1213894422,0.48,7.859962935,0.1924916049,0.82,13.453083000000001,0.266905065,0.92,20.06156808,0.2945466072,0.59,4.251632476,0.1417317948,0.67,43.16034992,0.2273458888,0.53,55.34189820899999,0.42329438541,0.14,80.27941887600001,4.7181538157,0.96,75.46646881599999,5.6000919104,1.01,1.0,0.47,0.11,0.59,0.0,0.92,0.29,0,0,1,55.17999,1,-99.0,1.7645,184.29999999999998,10.62,1,1
15696,5039.577,4142.321,150.0362701,2.3452978,2,273.0,11.11513,0.1337706,1.098319,2.426834,10.40317,0.126143,1.646582,17.12967,0.2077047,24.55986,3.402,3.761,3.188,8.068,26.97457,0.4721983,0.41,0.20288253450000002,0.026628370050000003,1.0,0.26597929800000003,0.0361721178,1.0,0.7279847871999999,0.04321053264,1.0,0.15839363500000003,0.10376652650000001,1.0,0.160788432,0.09051305550000001,1.0,0.3267936919,0.10683677702999998,1.0,0.19901004969999997,0.08435750477000001,1.0,0.177912834,0.08929392427999999,1.0,0.41673419190000005,0.1097962449,1.0,0.6283575794999999,0.1297980705,1.0,0.4765613271,0.037966806969999996,1.0,0.014033393020000002,0.05331122827,1.0,0.2150137818,0.045956748719999996,1.0,0.253918128,0.042109046399999996,1.0,1.577301232,0.1255683936,1.0,1.460403232,0.1540018592,1.0,15.017349659999999,0.7699987605,0.19,12.53577672,0.62264292,0.25,3.54681328,0.179794816,0.66,4.918662229000001,0.1911458146,0.49,7.204114120000001,0.32388709800000004,0.37,25.221170549999997,0.6884405134999999,0.19,5.81801,1.635284,0.05,28.92459,3.810774,0.04,-99.0,-99.0,0.0,-99.0,-99.0,0.0,-99.0,-99.0,0.0,-99.0,-99.0,0.0,-99.0,-99.0,0.0,6.393180852,0.2065199868,0.83,14.0537775,0.30229836,0.85,27.493166520000003,0.332829396,0.56,2.9103275120000003,0.1570185144,0.64,82.26374512000001,0.2925074896,0.27,104.12254429199999,0.2541719583,0.41,113.18975825,4.8894081208,0.98,88.559851204,5.8602810413999995,1.15,1.0,0.0,0.19,0.56,0.0,0.94,0.41,0,0,1,82.47127,1,-99.0,1.8078,637.4,8.356,0,1
16032,4143.532,4179.912,150.0736389,2.3468611,1,644.0,18.03161,0.07786817,1.050514,4.069565,16.45346,0.07342811,1.646582,27.09197,0.1209054,69.85227,5.536,5.949,4.807,12.46,73.3808,0.4505517,1.21,6.833779284,0.04463966241,1.0,7.7083773,0.06057636,1.0,15.66621364,0.07260453508,1.0,6.64662335,0.174933465,1.0,7.73777634,0.15193563,1.0,7.860822518,0.17855939199999998,1.0,7.842854481,0.1433123846,1.0,9.424870752,0.1483989848,1.0,13.38692726,0.18366899890000002,1.0,14.1015938,0.21859394899999998,1.0,10.102728619999999,0.06365357143,1.0,6.834250236000001,0.08937459304,1.0,8.218625088,0.07730613474,1.0,9.83592,0.0707914464,1.0,21.71120224,0.2119075088,1.0,21.863084800000003,0.2594938944,1.0,56.08272168,0.5073362619,1.18,59.08138068,0.48207181320000003,1.17,27.5762944,0.21191692799999998,1.3,44.03315943,0.1986131875,1.25,36.9287337,0.29902788950000003,1.24,73.31106765,0.4450009585,1.27,33.72049,0.5846418,1.1,64.72375,1.241362,1.06,42.0937,0.213979,1.01,43.8952,0.273653,2.18,52.7841,0.200247,1.02,9.120632276999999,0.15212539079999998,0.85,17.437654260000002,0.1583213463,0.94,41.10007176,0.30381798870000004,1.08,58.706865,0.4557966525,1.05,72.5941692,0.40872193560000003,1.02,25.62163092,0.20324352040000002,1.06,115.6514112,0.21913082640000003,0.77,135.23998293,0.21333540032999998,1.04,167.97602016,5.988465643,1.05,231.61321321999998,7.5731284072,1.01,1.0,0.85,1.17,1.02,1.01,1.0,1.0,0,0,1,224.0758,1,0.797,1.3668,512.3,8.234,1,1
16048,2971.621,4186.116,150.1225128,2.3471143,3,374.0,4.70883,0.08359071,1.059048,3.924029,3.642795,0.07882435,1.646582,5.998159,0.1297907,17.44735,5.105,5.54,4.241,11.294,18.47759,0.4296452,1.06,0.8426622885,0.04308299505,1.0,1.1375559,0.0582640344,1.0,2.052648356,0.06979377768,1.0,0.544196075,0.168708435,1.0,1.31273898,0.145885362,1.0,1.534602705,0.17329996309999998,1.0,1.317728335,0.1370167414,1.0,1.924172294,0.143580888,1.0,1.7135416950000002,0.1782608563,1.0,1.7225174819999998,0.21100834089999998,1.0,1.8870510440000001,0.06101558345,1.0,0.47475380450000004,0.08550223356000002,1.0,1.3980074939999998,0.07462050078,1.0,1.67697648,0.0683336064,1.0,2.6486135519999996,0.2042559168,1.0,2.4353631680000003,0.25094660480000003,1.0,12.747977639999998,0.5237527893,1.03,10.93605756,0.49768557839999994,1.01,3.9350172800000003,0.25424312,0.85,4.126025371000001,0.2282170566,0.88,6.39727582,0.3376619275,0.89,18.11775975,0.525801549,0.85,4.094334,0.5854236,1.02,15.07071,1.202654,1.05,5.62843,0.212602,0.95,8.1932,0.350785,1.24,11.0785,0.201602,0.94,1.342966425,0.1496865861,0.82,1.7645178329999998,0.151074027,0.96,5.761502424000001,0.285882921,1.13,12.4198725,0.42938584500000004,1.1,18.29075184,0.3817035756,1.09,3.68632726,0.19192569560000003,1.1,27.721570240000002,0.1784238864,1.25,32.649503327999994,0.19954015379999998,1.04,49.539058828,5.6112490868,1.16,34.636014642,6.731772145599999,1.13,1.0,0.82,0.85,1.09,0.94,1.11,1.05,0,0,1,46.21408,1,2.4325,2.4013,62.97,12.08,0,1
16112,2475.92,4226.493,150.1431732,2.348794,0,293.0,12.81118,0.07754838,1.10389,2.222495,14.79278,0.07312656,1.646582,24.35752,0.1204088,25.79313,2.666,3.753,2.974,7.784,28.47279,0.2642688,1.21,0.1601495742,0.024473233020000002,1.0,0.198350568,0.0330387564,1.0,1.127218092,0.03941699872,1.0,0.230512885,0.0953332135,1.0,0.07274779469999999,0.08250858209999999,1.0,0.20658125789999998,0.09801770879999999,1.0,0.1906183202,0.07757428678999999,1.0,0.5704464270999999,0.08155430513999999,1.0,0.680113981,0.10095341466,1.0,1.0621471980000001,0.1197004704,1.0,0.48333490980000005,0.03459136854,1.0,0.08734928796000001,0.04841789954,1.0,0.2718889902,0.04232533776,1.0,0.46793352000000005,0.038695704000000004,1.0,2.0993804,0.11506098240000001,1.0,2.132185184,0.1420006432,1.0,17.00729349,0.3199341237,0.89,17.40935292,0.2906759316,0.97,4.8881593599999995,0.12220788799999999,1.18,6.000692386,0.1136333055,1.14,8.423722345,0.174177727,1.08,28.317443599999997,0.2505928845,1.2,7.5491,0.3743984,0.8,23.36052,0.8527203,0.67,7.63255,0.119242,0.97,11.8506,0.226677,0.95,15.0383,0.111608,0.98,0.45473406419999995,0.062086304519999996,1.53,1.519392771,0.06504583176,1.67,8.011528749,0.16157232990000003,1.13,17.668717500000003,0.24147081000000004,1.11,28.490424840000003,0.2152782252,1.09,4.403620636,0.10835772800000001,1.11,59.05157216,0.1369205712,1.29,74.10337517699999,0.16047474299999998,1.1,58.223974558,4.9626792244999995,0.91,70.61244239399998,5.4822351637999995,0.94,1.0,1.53,0.89,1.09,0.95,0.87,0.87,0,0,1,202.2901,1,-99.0,1.423,126.0,9.612,0,1
16212,1796.127,4290.771,150.171524,2.3514678,0,52.0,1.274459,0.07630753,1.26448,2.133484,1.602827,0.07195646,1.646582,2.639185,0.1184822,2.150321,2.153,2.087,1.857,4.587,2.719037,0.1540076,1.26,2.032499214,0.023620105590000003,1.0,1.96094418,0.031687905599999996,1.0,3.398694464,0.03773311916,1.0,2.0498014,0.09130152450000001,1.0,2.01518667,0.0791735889,1.0,2.123792575,0.09399040877999999,1.0,2.048647447,0.07482637778,1.0,2.489366715,0.07815919034,1.0,2.3638470160000002,0.09660723092000001,1.0,2.085530713,0.1152183879,1.0,2.399880057,0.03305412445,1.0,2.1397281140000004,0.04645602489,1.0,2.161179648,0.040749850319999996,1.0,2.44956816,0.0371588016,1.0,2.249353392,0.1100899072,1.0,2.048277664,0.136536976,1.0,2.742052785,0.2609894211,1.25,2.862769164,0.252749772,1.21,4.1551833600000005,0.11059251199999999,1.33,2.4344350419999996,0.10224727630000001,1.3,2.703581165,0.153289382,1.29,2.6412954249999996,0.23088510299999998,1.3,2.330378,0.2946823,1.19,2.575526,0.6221049,1.16,2.4922,0.113084,1.0,2.31947,0.210737,1.01,2.91591,0.10707,0.98,2.295642906,0.06886685141999999,1.14,3.1391390159999997,0.07069384647,1.3,2.449524096,0.1565525502,1.11,2.7136788,0.2325082725,1.09,2.5007961599999997,0.2063699136,1.08,4.1326034400000005,0.10634539720000001,1.07,2.9893864640000003,0.1598573088,1.11,2.9227322943,0.15907075821,1.11,23.351722868000003,4.570985299499999,1.14,20.812233203999998,5.426677252999999,1.06,1.0,1.14,1.21,1.07,0.98,1.09,1.09,0,0,1,22.27495,1,-99.0,0.5951,111.69999999999999,10.38,1,0
16213,3797.687,4262.396,150.0880585,2.3502965,2,208.0,4.668007,0.07661215,1.108788,2.546942,5.085075,0.07224371,1.646582,8.372992,0.1189552,10.72265,3.13,3.442,3.055,7.556,11.88914,0.2516846,1.25,0.9759423576000001,0.027961374180000005,1.0,1.18116804,0.037782248399999996,1.0,1.764142248,0.04535228104,1.0,0.46829433000000004,0.10957884400000001,1.0,1.4213789099999998,0.0949908771,1.0,1.498424569,0.11214142859999998,1.0,1.602424747,0.08949064816999999,1.0,1.7838281889999998,0.09291481221,1.0,1.994523802,0.1152307489,1.0,1.7341759609999998,0.1370423313,1.0,1.802344559,0.039681978720000004,1.0,0.4895910634,0.055856017400000006,1.0,1.632439056,0.0483660108,1.0,1.8604344000000002,0.044331864,1.0,2.079945088,0.13274058719999998,1.0,2.277260192,0.1628218272,1.0,10.031384730000001,0.31886141430000003,1.17,8.247388535999999,0.3011021076,1.16,3.1388160000000003,0.133161536,1.29,3.2698419519999997,0.1242958756,1.25,4.42262962,0.186433674,1.24,11.930670349999998,0.28009645299999997,1.26,4.07316,0.3642468,1.11,12.53807,0.7732685,1.07,4.56042,0.135727,0.99,5.81336,0.229309,1.21,8.00835,0.128079,0.99,1.721534274,0.09600527741999998,0.84,2.073453876,0.09793446389999999,0.96,4.116493143,0.1875983346,1.11,9.396380175000001,0.28092492750000003,1.08,12.1698828,0.2521820124,1.05,2.987125012,0.1258505444,1.08,20.248512800000004,0.1572049256,1.02,23.738422383,0.16703649495,1.16,30.436088393,4.421490206700001,1.17,37.197597863999995,5.9434825604,0.93,1.0,0.84,1.16,1.05,0.99,1.11,1.11,0,0,1,70.38779,1,2.5558,2.5942,63.29,10.0,0,1
16245,2244.533,4272.064,150.152832,2.3506913,3,253.0,6.628563,0.07661215,1.095454,2.771033,6.268677,0.07224371,1.646582,10.32189,0.1189552,16.76744,3.711,3.758,3.314,8.223,18.36797,0.27615,1.25,0.5995849944000001,0.030578437410000003,1.0,0.7195992959999999,0.0411929388,1.0,1.640879064,0.04906608564,1.0,0.59096815,0.11876443850000001,1.0,0.7735060619999999,0.10282673099999999,1.0,1.0308264784,0.12217028419999999,1.0,0.7886316360999999,0.09680479732,1.0,0.7211803049,0.1017221689,1.0,1.1625782960000002,0.12580065640000002,1.0,1.135855931,0.14943617569999998,1.0,0.9139795477,0.043099305510000005,1.0,0.24480670340000002,0.06037608722,1.0,0.856440675,0.05281134906,1.0,0.8535854880000001,0.048239328,1.0,2.477908368,0.1431093664,1.0,2.4807927359999997,0.177026352,1.0,13.96384428,0.3386628927,1.24,10.96202856,0.32099589359999997,1.25,3.7721814399999998,0.142903968,1.34,6.022019458,0.1321863127,1.31,8.23273895,0.19821466100000001,1.3,18.0948214,0.29899078199999995,1.31,6.603045,0.3859996,1.17,15.13419,0.8115138,1.15,7.47351,0.14882,0.97,9.34111,0.281104,0.96,11.3983,0.139912,0.97,0.798878535,0.1057109691,0.82,1.8721448459999999,0.10759593779999999,0.95,7.75795293,0.20227436910000002,1.12,12.692988000000001,0.3017407575,1.1,17.92498716,0.2677277376,1.09,3.3053833040000002,0.1359131436,1.1,33.21643336,0.1478999432,1.21,38.492248040999996,0.16285630023,1.19,60.996374624000005,5.0608270327,1.05,161.29558452,5.809488832399999,1.06,1.0,0.82,1.24,1.09,0.96,1.01,1.01,0,0,1,86.77125,1,-99.0,1.8217,136.1,12.8,0,1
16459,1493.269,4340.785,150.1841583,2.3535497,0,125.0,3.711907,0.0772325,1.152585,2.132711,4.292936,0.07282869,1.646582,7.06867,0.1199184,6.86841,2.453,2.719,2.521,6.153,7.916426,0.2044621,1.23,0.38981425470000003,0.02364619365,1.0,0.51527424,0.031642884,1.0,1.086452224,0.03772659,1.0,0.327963645,0.09122078950000001,1.0,0.489968199,0.0792458226,1.0,0.3545727153,0.09393914203,1.0,0.5543510049,0.07510793059,1.0,0.913193688,0.07787369205,1.0,0.8373100509,0.09646193905,1.0,1.041190297,0.11541489049999999,1.0,0.6836552258,0.03289195386,1.0,0.35487029179999996,0.04643541931,1.0,0.5347749288,0.040795322159999994,1.0,0.641038416,0.037196832000000006,1.0,1.472289728,0.1102446384,1.0,1.1849138879999999,0.1366783648,1.0,6.010586688,0.2630911944,1.24,4.857266412,0.2520915252,1.22,2.31091424,0.11098096,1.33,3.190512585,0.1027920439,1.29,4.023752275,0.1531914215,1.29,7.533014769999999,0.22990997049999998,1.31,3.89197,0.2996548,1.15,6.458434,0.6273109,1.14,3.67063,0.114015,0.98,4.40307,0.213867,0.97,4.88654,0.106747,0.98,0.6170541254999999,0.07947062810999998,0.85,1.016955342,0.07767139418999999,1.07,3.9415891770000004,0.1579592592,1.09,5.5610325750000005,0.2330509125,1.08,7.865286696000001,0.2061268452,1.08,1.9874247800000002,0.10638226,1.07,12.17717312,0.13520227040000002,1.07,14.694315363,0.15594842016,0.97,19.900108975000002,5.1211765026,0.82,18.938795328,5.712240811799999,0.87,1.0,0.85,1.22,1.07,0.97,0.78,0.78,0,0,1,58.94567,1,-99.0,1.777,73.98,9.222,1,0
16661,329.668,4361.629,150.2326813,2.3544092,0,548.0,19.14342,0.1514181,1.058769,3.652499,15.5128,0.1427842,1.646582,25.54309,0.2351058,66.04021,5.031,5.786,4.085,11.328,69.92132,0.7726771,0.33,3.1071238470000004,0.04042500468000001,1.0,3.89281698,0.0546897858,1.0,18.99875208,0.06432528432,1.0,2.8260142000000004,0.15598002000000002,1.0,3.73604049,0.13588617,1.0,4.679348322,0.15991232589999999,1.0,5.441764943999999,0.1296356061,1.0,7.550091967,0.1340839863,1.0,16.69670242,0.1655931897,1.0,17.503317159999998,0.1989781276,1.0,8.534273787,0.05673680492,1.0,2.123802235,0.07952673949,1.0,5.44935276,0.06911598545999999,1.0,9.22944,0.0633859152,1.0,24.8043952,0.188946472,1.0,24.94266752,0.2322117472,1.0,54.62331315,0.8680149147,0.35,48.65426028,0.9455710559999999,0.26,29.9043472,0.554467552,0.16,34.69367915,0.4815465473,0.18,38.23002515,0.6863716225000001,0.2,69.48369785,1.27567541,0.13,32.93417,0.9728667,0.32,61.52335,1.638684,0.49,-99.0,-99.0,0.0,-99.0,-99.0,0.0,-99.0,-99.0,0.0,-99.0,-99.0,0.0,-99.0,-99.0,0.0,38.03750577,0.3060800523,0.84,54.433176,0.41945274,0.96,69.82493256,0.4541079384,0.64,29.6712458,0.2221824928,0.71,89.27240232,0.2353343736,0.63,84.66631196399999,0.44061776459999996,0.17,88.94848618300001,5.4407304938,1.03,58.49616104999999,7.183604452599999,0.86,1.0,0.0,0.16,0.64,0.0,0.98,0.32,0,0,1,108.6451,1,-99.0,0.7306,372.8,11.67,0,1
16667,427.738,4350.141,150.2285919,2.3539312,2,308.0,7.52699,0.1124705,1.082847,2.963319,6.525984,0.1060574,1.646582,10.74557,0.1746322,20.59836,4.155,4.533,3.315,9.032,22.30487,0.4501988,0.58,1.581702324,0.032739557940000004,1.0,1.7745811200000001,0.0442821912,1.0,2.430493604,0.05228211075999999,1.0,1.6745523500000001,0.126429805,1.0,1.8853329600000002,0.1099786464,1.0,1.916264771,0.1296854501,1.0,1.850579423,0.10517743313,1.0,1.739104466,0.1088450957,1.0,1.9721977240000002,0.1339747182,1.0,2.249498965,0.161446131,1.0,1.883928991,0.04605703478,1.0,1.3368056220000002,0.06464715226000001,1.0,1.724146812,0.05615902692,1.0,1.7943052800000001,0.0514338816,1.0,3.384221776,0.1535264432,1.0,3.398431296,0.188589936,1.0,16.41856419,0.5226975381000001,0.63,13.1328264,0.5360404956,0.53,5.972280639999999,0.331789248,0.29,7.7452430119999995,0.2872122968,0.33,9.89984855,0.41225043750000007,0.36,21.028403949999998,0.667259423,0.31,8.564282,0.5538088,0.65,19.37855,1.02151,0.83,-99.0,-99.0,0.0,-99.0,-99.0,0.0,-99.0,-99.0,0.0,-99.0,-99.0,0.0,-99.0,-99.0,0.0,10.01180286,0.23455220400000001,0.94,15.0796065,0.32365383750000004,1.06,21.89281248,0.3400526916,0.75,4.875067492,0.1672323456,0.83,41.477838320000004,0.22238905840000003,0.63,50.466687803999996,0.37105590483,0.2,44.501227566,5.6790961957,0.81,38.703917034,6.7709932264,0.87,1.0,0.0,0.29,0.75,0.0,0.77,0.58,0,0,1,61.53256,1,-99.0,1.7298,61.870000000000005,12.43,0,1
16728,2477.799,4397.52,150.1430969,2.3559198,0,165.0,1.962425,0.0772325,1.10327,3.074044,1.609718,0.07282869,1.646582,2.650532,0.1199184,5.467911,4.168,3.805,2.956,7.814,6.03258,0.2632155,1.23,0.03786394701000001,0.03390634044,1.0,0.079459575,0.045655147199999996,1.0,0.5153355636,0.054416226479999996,1.0,0.0802025105,0.13189448,1.0,0.0981919764,0.114219399,1.0,0.1322509462,0.1357360059,1.0,0.25297556899999996,0.10730864759999999,1.0,0.04977611078,0.1126640988,1.0,0.46275511290000004,0.13996990890000002,1.0,0.4151441553,0.1660001294,1.0,0.27927498110000004,0.04777279375,1.0,0.046677472809999995,0.06705601904,1.0,0.07828825194,0.05850902651999999,1.0,0.252219984,0.05355036,1.0,0.6120057216,0.1588821104,1.0,0.7443371296,0.1961946336,1.0,3.495926958,0.4455439329,0.88,3.0307684800000003,0.40261283039999995,0.97,0.625785824,0.170457424,1.16,1.2976286959999999,0.157837719,1.13,1.32610811,0.239951771,1.09,5.78877051,0.3483001505,1.19,0.8472671,0.5244462,0.78,4.268036,1.17944,0.67,1.49727,0.160735,1.02,2.38868,0.313044,0.95,2.82148,0.151241,1.02,0.07375917687,0.09616877781,1.22,0.6299710209,0.0979490304,1.41,1.416395466,0.2265094161,1.1,3.766849275,0.3369126075,1.09,6.317522028,0.2978110836,1.09,1.14151804,0.15205526919999998,1.08,16.445939120000002,0.16237177519999998,1.27,25.690922361,0.17559743876999998,1.12,37.271857501999996,5.3377739589,0.84,34.44873852799999,6.249401069199999,0.92,1.0,1.22,0.88,1.08,0.95,0.81,0.81,0,0,1,22.1028,1,-99.0,2.9436,139.0,9.063,0,1
16745,1897.817,4392.576,150.1672821,2.3557103,2,241.0,8.995714,0.0742723,1.109641,2.413517,9.576962,0.07003727,1.646582,15.76925,0.1153221,19.56607,3.048,3.784,2.752,7.519,21.71131,0.2427185,1.33,0.7076374308,0.02673272229,1.0,0.723166548,0.0358449,1.0,2.0419166239999997,0.04264635804,1.0,0.71942115,0.103434067,1.0,0.702238446,0.08959048979999999,1.0,0.7920162432,0.10643614087,1.0,0.8248452982,0.08453071934999999,1.0,1.233805562,0.08843322059,1.0,1.6518256020000002,0.1095235058,1.0,1.8958145429999997,0.13059522279999997,1.0,1.296708991,0.0373931909,1.0,0.7759428365000001,0.05258531603,1.0,0.90952998,0.046062135299999994,1.0,1.2251990400000001,0.0420431088,1.0,3.785556944,0.12437258079999998,1.0,3.9564878400000003,0.1542804288,1.0,13.7308743,0.29525889780000003,1.25,14.03057304,0.28274863800000005,1.24,5.81658912,0.12466350400000001,1.34,6.6727173109999995,0.1156124346,1.3,8.422554735,0.17343956,1.29,21.33539385,0.26031288399999997,1.31,7.513175,0.3376444,1.16,17.83056,0.7099065,1.14,7.82551,0.106821,1.43,10.5494,0.169833,1.99,12.7542,0.100962,1.41,1.074342693,0.08963941865999998,0.86,2.422302129,0.09314771778,0.96,8.055920331,0.1793997702,1.08,13.26824625,0.2629020975,1.09,21.320391240000003,0.2324682936,1.09,5.480685488000001,0.12030694640000002,1.07,39.34681416000001,0.157217816,1.14,41.08069075499999,0.15543110232,1.16,39.890430506,5.0580688651,0.87,33.587570819999996,5.3513998896,1.08,1.0,0.86,1.24,1.07,1.41,0.84,0.84,0,0,1,136.7409,1,-99.0,1.2729,63.29,12.64,0,1
16758,1955.615,4361.434,150.1648712,2.354413,3,370.0,12.43334,0.0742723,1.071622,2.675907,13.60215,0.07003727,1.646582,22.39705,0.1153221,31.04682,3.379,5.749,3.172,9.95,33.27047,0.331711,1.33,1.5832221330000003,0.029618325000000004,1.0,1.68504492,0.039751943399999996,1.0,4.614561996,0.0472987064,1.0,1.76316805,0.114657919,1.0,1.34384733,0.0993119883,1.0,1.6028468439999999,0.11799339319999999,1.0,1.877627059,0.09367364314,1.0,2.985726887,0.09810388643,1.0,3.7330074370000004,0.1214195945,1.0,3.8293697399999997,0.1446694683,1.0,2.9777926200000002,0.04149834805,1.0,1.780284873,0.05830249557,1.0,2.139450072,0.05105667647999999,1.0,2.99358528,0.04660155840000001,1.0,7.816242095999999,0.137929896,1.0,8.153109408,0.17102911040000002,1.0,22.48043919,0.3257030889,1.26,23.51404896,0.3131233752,1.24,10.3180768,0.138647632,1.33,12.288952519999999,0.1281710664,1.3,13.854088449999999,0.192301409,1.29,32.309019649999996,0.288633157,1.31,12.61218,0.3727489,1.17,25.26186,0.7870854,1.14,13.3485,0.144567,0.96,18.5882,0.272689,0.95,21.8889,0.137893,0.93,2.623455606,0.09946852217999999,0.86,5.353722855,0.1033065891,0.96,13.23788697,0.198912429,1.08,21.977418750000002,0.29039120250000006,1.1,32.92569684000001,0.2578529628,1.09,9.76561736,0.13271836760000003,1.08,55.02417104,0.1848684576,1.15,59.069366927999994,0.17536075127999998,1.18,53.597991517000004,5.5123525184,0.93,37.870083115999996,6.1643586167999995,1.06,1.0,0.86,1.24,1.08,0.93,0.89,0.89,0,0,1,194.213,1,-99.0,1.2737,44.2,12.83,0,1
16957,901.136,4425.358,150.208847,2.357069,3,356.0,8.112877,0.07885181,1.077371,2.820936,7.463073,0.07435566,1.646582,12.28856,0.1224327,21.24236,3.873,4.724,3.485,9.454,22.88591,0.3309112,1.19,2.175696336,0.03121340643,1.0,2.2970649,0.0418662348,1.0,4.637708328,0.049960396639999995,1.0,2.1611675000000004,0.12050241,1.0,2.51421135,0.104849052,1.0,2.5094588439999996,0.1239565257,1.0,2.406585566,0.10010631784999999,1.0,3.330148657,0.1029527477,1.0,3.6378225050000004,0.1273640902,1.0,4.390648017,0.15361438819999998,1.0,3.1499263760000002,0.04343499961,1.0,1.7892098200000002,0.061552343100000004,1.0,2.495323128,0.05389875966,1.0,3.103536,0.0492497328,1.0,6.53140072,0.1464544224,1.0,7.009501248,0.180497952,1.0,23.15839929,0.3485665416,1.26,16.64514444,0.33096970200000003,1.24,11.440672,0.146870432,1.34,12.55177391,0.14333279869999999,1.18,14.76660535,0.20323934200000002,1.29,21.322459449999997,0.3143554345,1.24,13.32941,0.3963533,1.15,18.68911,0.8297437,1.14,-99.0,-99.0,0.0,-99.0,-99.0,0.0,-99.0,-99.0,0.0,2.874003969,0.10711559069999999,0.82,5.095148058,0.1091137671,0.94,14.168108700000001,0.20438348850000002,1.13,20.355284250000004,0.298581675,1.14,22.509005400000003,0.2690089308,1.1,11.05165648,0.138750634,1.1,30.843499360000003,0.2073932264,0.92,31.733169740999998,0.27258568272,0.48,28.293911556999998,4.9942596413,1.04,38.684682927999994,5.7178397448,1.04,1.0,0.82,1.18,1.1,0.0,0.99,0.99,0,0,1,100.3699,1,-99.0,1.5077,74.30000000000001,20.23,1,1
16988,2943.386,4453.396,150.1236877,2.3582504,2,971.0,95.07562,0.08439837,1.061542,3.123777,91.40096,0.07958595,1.646582,150.4991,0.1310448,279.7771,4.244,5.276,4.22,10.994,296.9951,0.4225598,1.03,42.62741136,0.034372455090000004,1.0,55.0451928,0.046292750400000006,1.0,77.69985476,0.05537242656,1.0,42.3616545,0.13412373000000002,1.0,70.9786812,0.11627177100000001,1.0,48.21632440999999,0.13814284489999998,1.0,59.83941348,0.10911358149999999,1.0,61.094730070000004,0.1141181459,1.0,60.10693231,0.142442811,1.0,72.13468639999999,0.16855466319999998,1.0,57.60686922,0.048473542950000004,1.0,36.46207033,0.06822470299,1.0,48.43943664,0.0593398194,1.0,48.7010736,0.0544440288,1.0,98.9555216,0.16213325439999998,1.0,87.9867552,0.1996283616,1.0,223.92760230000002,0.4218696438,1.01,191.1711144,0.39600203040000004,1.01,111.39088,0.203485264,0.84,140.3249861,0.1870726143,0.83,143.962355,0.275265047,0.85,295.4146225,0.432184787,0.8,135.1357,0.4508219,1.09,258.6232,0.9439988,1.08,156.936,0.164829,1.0,167.402,0.277195,1.25,190.658,0.156148,0.99,60.75658254,0.11795776739999998,0.84,84.62670372,0.1128670686,1.09,145.0581327,0.23193799110000002,1.09,215.0819475,0.34346518500000006,1.09,296.591868,0.3053636352,1.08,110.413538,0.15427554400000001,1.08,392.878956,0.1718734672,1.31,341.9983242,0.18647912789999999,1.08,383.01252222,5.6128770882,0.92,349.79637919999993,6.524908753999999,1.0,1.0,0.84,0.83,1.08,0.99,0.88,0.88,0,0,1,1148.456,1,-99.0,0.8286,574.0,10.17,1,1
17021,2225.146,4456.691,150.1536407,2.3583837,2,216.0,7.309129,0.07630753,1.112427,2.477313,7.521112,0.07195646,1.646582,12.38412,0.1184822,16.27702,3.194,3.333,3.027,7.401,18.107,0.2451377,1.26,1.9595005140000004,0.02739593343,1.0,2.04779328,0.036796437599999995,1.0,3.547568508,0.04378224796,1.0,1.73159705,0.1062767825,1.0,2.35673298,0.0920029173,1.0,2.3650700899999997,0.10931042469999999,1.0,2.265577083,0.08654273012,1.0,2.4239095429999997,0.09080128309999999,1.0,3.015369017,0.1127395966,1.0,3.5526961049999994,0.13405326339999998,1.0,2.409578974,0.03846428018,1.0,1.508961519,0.054033664870000005,1.0,2.1231808439999997,0.04720060854,1.0,2.50182576,0.04316268,1.0,4.576090272,0.1277122704,1.0,4.621023616,0.15809203519999998,1.0,17.24637384,0.3021771945,1.25,12.64523268,0.2925080676,1.21,8.450578879999998,0.128310816,1.33,9.237684079,0.1190423455,1.29,10.480784000000002,0.1786829205,1.28,17.7898525,0.26833928549999997,1.3,9.788063,0.3465693,1.16,15.61138,0.7286714,1.14,10.1183,0.128988,1.03,11.4364,0.251003,0.96,12.1913,0.121913,1.02,2.269732509,0.09272684595,0.85,3.9346932689999994,0.09153608022,1.05,10.637552340000001,0.18237651750000003,1.1,15.2611515,0.2706446925,1.09,17.877922920000003,0.2392548408,1.09,7.464499604,0.1227370556,1.08,28.69087592,0.16164876,1.14,35.278973261999994,0.17212303719,1.21,35.55416547,4.4259335866,1.17,29.886004657999997,5.7673778773999995,1.0,1.0,0.85,1.21,1.08,0.96,1.12,1.12,0,0,1,104.5231,1,-99.0,1.5971,180.79999999999998,10.38,0,1
17096,5026.781,4459.125,150.0368042,2.3584974,0,299.0,10.24193,0.1679833,1.089975,2.630155,9.600884,0.1584048,1.646582,15.80864,0.2608265,24.7142,3.627,4.095,3.289,8.551,26.93787,0.6324292,0.26,0.3853804812,0.028836161880000002,1.0,0.388376196,0.0390368706,1.0,1.014208448,0.046660504,1.0,0.253641655,0.11256109850000001,1.0,0.498922284,0.0979966449,1.0,0.542143183,0.11668096439999999,1.0,0.6214510840999999,0.09134611177999999,1.0,0.6068206529,0.09669272921,1.0,0.8959955968000001,0.1191950979,1.0,0.7922326447,0.1415720201,1.0,0.6863026093,0.040912693970000004,1.0,0.2137233101,0.05772727715,1.0,0.5478685824,0.049748988359999996,1.0,0.741646608,0.0458181504,1.0,1.658566416,0.1359425392,1.0,2.297576416,0.1671266112,1.0,20.56343184,0.7441635342,0.24,17.25456576,0.6404231388,0.28,3.5693295999999997,0.19978329599999997,0.63,6.307336659,0.20997313739999998,0.48,10.7198472,0.33310528,0.41,26.67325905,0.948728135,0.12,6.792415,1.401117,0.08,23.40135,3.122019,0.07,-99.0,-99.0,0.0,-99.0,-99.0,0.0,-99.0,-99.0,0.0,-99.0,-99.0,0.0,-99.0,-99.0,0.0,10.01114199,0.2215292886,0.84,18.355596,0.3222194325,0.88,28.99040976,0.3579235452,0.57,3.136494968,0.1719488936,0.63,55.436768640000004,0.29069025760000006,0.28,62.405848322999994,0.26772676866,0.43,65.363593768,5.0627742107,0.99,47.465480563999996,6.101233951599999,1.05,1.0,0.0,0.24,0.57,0.0,0.95,0.26,0,0,1,60.6098,1,-99.0,1.9708,64.67,9.603,0,1
17147,812.835,4485.326,150.2125244,2.3595667,0,235.0,9.756777,0.07819195,1.103593,2.582032,9.275851,0.07373343,1.646582,15.27345,0.1214081,22.82754,3.473,3.64,3.077,7.798,25.19231,0.2647672,1.21,1.0371715131,0.028557929130000003,1.0,1.0917231,0.0383223048,1.0,2.866062144,0.04570494764,1.0,1.16750763,0.110371975,1.0,1.005434115,0.0959174496,1.0,0.8638350238,0.1134937915,1.0,1.175833736,0.09166690687,1.0,1.878967563,0.09440804141999999,1.0,2.28563477,0.1166725147,1.0,2.5137139299999998,0.1409906155,1.0,1.70450392,0.03978718897,1.0,0.9531508245000001,0.05635725434,1.0,1.257259104,0.049278243,1.0,1.79307408,0.0450785184,1.0,5.3596293919999995,0.13393282239999998,1.0,5.311489088,0.164962016,1.0,16.254166140000002,0.3212163315,1.25,18.565109640000003,0.30287569080000004,1.24,7.6430950399999995,0.138644704,1.26,9.247487964,0.14818354849999998,0.93,10.3784697,0.186772083,1.28,24.185307,0.29482853249999996,1.19,9.529032,0.3612192,1.16,19.66332,0.7662241,1.12,-99.0,-99.0,0.0,-99.0,-99.0,0.0,-99.0,-99.0,0.0,1.552015527,0.09472305275999998,0.88,3.5894769299999996,0.0998349066,0.94,10.26293346,0.1836378351,1.17,16.821540750000004,0.26699085,1.19,24.71008176,0.2457925092,1.1,7.186648612,0.1258741744,1.12,40.91696968,0.1755822344,0.9,46.551628889999996,0.23913027566999995,0.46,47.32234723,4.644639816600001,1.18,46.067354562,5.273187183799999,1.13,1.0,0.88,0.93,1.1,0.0,1.13,1.13,0,0,1,125.8025,1,-99.0,1.2917,128.89999999999998,11.790000000000001,0,1
17240,2961.624,4518.684,150.1229248,2.3609707,0,195.0,4.415593,0.08439837,1.107152,2.756371,4.113429,0.07958595,1.646582,6.773097,0.1310448,10.99308,3.67,3.891,2.756,7.63,12.17101,0.2802405,1.03,0.19496756070000001,0.030342926850000004,1.0,0.196507116,0.040832664600000006,1.0,0.509154932,0.048831495679999996,1.0,0.16955193500000001,0.118305454,1.0,0.331537101,0.1026228294,1.0,0.4449252355,0.1218551286,1.0,0.1098815487,0.09629675748,1.0,0.2667079129,0.10061084,1.0,0.3567589652,0.12576618380000001,1.0,0.3299146976999999,0.148845655,1.0,0.2957670548,0.04275822856,1.0,0.08621722236,0.06022725535,1.0,0.2989829388,0.0523522512,1.0,0.22384584000000002,0.0480624912,1.0,0.6107821823999999,0.1430199264,1.0,0.6749076544,0.17616623680000001,1.0,7.211739945,0.3689819667,1.03,5.724036732,0.34577506080000003,1.03,0.937206928,0.179570336,0.84,2.0924678059999997,0.1594208291,0.89,3.5504546350000004,0.2373780815,0.89,11.791322399999999,0.3721378455,0.84,1.755236,0.4014985,1.07,11.33576,0.8368526,1.07,3.29849,0.146909,0.98,4.16733,0.245399,1.24,5.19141,0.139174,0.97,0.2914924737,0.07846445625,1.48,0.6445977290999999,0.07663260852,1.84,3.4396017660000004,0.20567784960000002,1.08,5.868102975,0.30446193750000006,1.08,12.16475028,0.268159644,1.09,1.034218936,0.1367694948,1.07,32.51494408,0.1593538496,1.29,46.25342139599999,0.17589785381999998,1.07,70.63051955499999,4.868055407,1.05,42.398493781999996,6.254994715199999,0.93,1.0,1.48,0.84,1.07,0.97,1.01,1.01,0,0,1,51.68536,1,-99.0,2.0024,353.1,11.26,0,1
17312,3800.798,4546.657,150.0879364,2.3621402,2,406.0,41.70382,0.07786817,1.110332,2.296689,50.86831,0.07342811,1.646582,83.75882,0.1209054,86.26316,2.587,3.369,3.066,7.488,95.78071,0.2533499,1.21,5.908407075,0.025255276470000004,1.0,8.008247520000001,0.0339709266,1.0,24.2576686,0.04073248652,1.0,5.660812850000001,0.09860057100000001,1.0,7.2369040799999995,0.085715469,1.0,9.171513645,0.10105690967,1.0,10.042394823999999,0.08070976606000001,1.0,17.81212708,0.08365721199,1.0,21.57041833,0.1041528775,1.0,23.23207698,0.1241795142,1.0,16.79625366,0.035689763549999996,1.0,4.377419624,0.05050427658000001,1.0,11.98509114,0.043558015979999996,1.0,17.2320576,0.040032878400000006,1.0,34.687783519999996,0.1194444368,1.0,37.4293184,0.1471891072,1.0,83.56668099,0.2867489952,1.19,73.0172304,0.2709171948,1.16,41.8447312,0.12076243199999999,1.28,46.27327471,0.1120627521,1.25,57.13402685,0.168222916,1.24,99.83487375,0.2526644095,1.26,52.00361,0.3299469,1.1,90.22856,0.6940545,1.08,53.2698,0.128102,0.9,62.9659,0.231861,0.96,71.0602,0.119562,0.92,14.38326429,0.07680407984999998,1.07,28.254348719999996,0.07232218694999999,1.43,54.29490777,0.1740589965,1.05,78.13587075,0.2565440325,1.05,99.2774628,0.2273309316,1.05,39.71985604,0.1149712924,1.05,59.43673312000001,0.162881732,1.01,64.38271472099999,0.17198537733,1.05,48.217587408,4.1479528494,1.17,150.51962112,5.4634388214,1.14,1.0,1.07,1.16,1.05,0.9,1.12,1.12,0,0,1,692.7634,1,0.375,0.3517,170.0,8.783,0,1
17328,1571.576,4547.263,150.1808929,2.3621531,0,379.0,11.02765,0.07819195,1.078153,3.032728,9.633087,0.07373343,1.646582,15.86166,0.1214081,31.01957,4.093,4.314,3.765,9.39,33.44386,0.3270192,1.2,4.107541113,0.03368686566,1.0,4.38746646,0.0449589348,1.0,7.802851979999999,0.0535579638,1.0,4.6801959,0.13017856,1.0,3.92271285,0.112730205,1.0,4.186021878,0.13378247289999998,1.0,4.0652048359999995,0.10656494309999999,1.0,5.6703327450000005,0.11069597440000001,1.0,6.743590846,0.1376835644,1.0,6.932074891,0.1649335457,1.0,5.705380585,0.04670698945,1.0,4.001032638,0.06604684214,1.0,4.702533696,0.05798554128,1.0,5.27379504,0.0529651296,1.0,13.63655904,0.15631876,1.0,14.33354208,0.1941495456,1.0,27.30326694,0.374934243,1.24,26.1494916,0.36078346559999996,1.21,18.251492799999998,0.158703456,1.32,19.35837462,0.14548868750000002,1.3,21.365679800000002,0.2183084375,1.28,32.877931149999995,0.3362206335,1.24,20.01159,0.4279758,1.14,28.83553,0.8959782,1.13,20.3656,0.159343,1.01,23.9344,0.271,1.22,26.3643,0.147894,1.03,5.0305243829999995,0.09444497015999999,1.21,9.325560699,0.09661784652,1.4,20.59988436,0.2264027328,1.07,26.9235225,0.33211962000000006,1.07,33.124122,0.2929429368,1.08,16.98174676,0.15131517760000002,1.07,41.0445532,0.162566808,1.1,37.324169766,0.18560391524999997,1.03,26.854334758,5.1141395619,1.0,38.270034091999996,6.5348313955999995,0.91,1.0,1.21,1.2,1.07,1.01,0.96,0.96,0,0,1,130.6475,1,-99.0,1.1991,67.96000000000001,11.54,1,0
17334,3345.534,4554.325,150.1069183,2.3624575,0,478.0,24.22002,0.08130012,1.082936,2.564913,26.04958,0.07666437,1.646582,42.89277,0.1262341,57.36464,3.275,4.158,3.609,9.026,62.12224,0.3251787,1.11,1.953672585,0.02821076646,1.0,2.7369887999999998,0.0379350582,1.0,12.1676874,0.0454599662,1.0,1.8637494000000001,0.11009783750000002,1.0,2.40948918,0.0955903389,1.0,2.861753157,0.1132768522,1.0,3.5525445339999995,0.08979720211,1.0,7.551775494999999,0.09344883130000001,1.0,10.400788980000002,0.11682561359999999,1.0,10.96474379,0.1385434491,1.0,7.359226993,0.03977123616,1.0,1.1942385931000001,0.05617180412,1.0,4.477177866,0.04865561424,1.0,7.44388992,0.044719737600000004,1.0,16.832608,0.1333532512,1.0,18.09170688,0.1642912608,1.0,48.194718959999996,0.3183648255,1.2,42.87925428,0.3014317032,1.16,23.168288,0.135674736,1.27,26.65922636,0.1251545607,1.25,32.08899025,0.187836785,1.23,61.425465599999995,0.282745984,1.26,30.08566,0.3718766,1.08,54.5586,0.7823892,1.06,29.9623,0.134802,1.01,35.8403,0.230129,1.22,41.8491,0.127989,1.0,6.253509329999999,0.1033442223,0.74,14.01161346,0.09956785409999999,0.94,30.29305347,0.19361413980000003,1.06,45.353432250000004,0.284433135,1.07,60.78995424000001,0.250752654,1.08,21.94451936,0.1277986016,1.06,45.226073199999995,0.1465190984,1.3,43.737734313,0.1974367278,1.06,42.966781043000005,5.1331014623,0.9,79.50363259,6.4006473355999995,0.85,1.0,0.74,1.11,1.06,1.0,0.86,0.86,0,0,1,339.7874,1,-99.0,0.4191,78.28,10.74,0,1
17385,1615.171,4594.849,150.1790771,2.364136,3,462.0,26.13544,0.07918807,1.083095,2.778196,24.3483,0.07467274,1.646582,40.09146,0.1229548,67.0388,3.727,3.921,3.817,9.014,72.60937,0.3162569,1.17,2.934284466,0.030874620660000004,1.0,3.29908956,0.0411758022,1.0,8.946365384,0.049045670519999994,1.0,3.38251935,0.11935091200000002,1.0,3.21852888,0.10326759029999999,1.0,3.1733470669999995,0.12253508759999998,1.0,3.311246708,0.09752487205999999,1.0,5.7764451139999995,0.10139548429999999,1.0,6.378880877,0.1262396751,1.0,8.234390807999999,0.15123508609999997,1.0,5.716498617,0.04279610425,1.0,2.39968116,0.060506175460000006,1.0,3.84469998,0.05311520904,1.0,5.63927904,0.048543024,1.0,14.69221936,0.1431066832,1.0,16.541563840000002,0.1778140896,1.0,51.35494413,0.3435211218,1.24,51.956166,0.3292348392,1.22,24.223246399999997,0.14537032,1.32,27.76180121,0.1337172642,1.29,33.373460200000004,0.1998978005,1.28,71.50914404999999,0.3091048765,1.23,29.86931,0.3973192,1.11,65.07306,0.8281416,1.11,31.4238,0.144519,1.03,39.227,0.246326,1.24,47.1923,0.135519,1.03,4.828275111,0.08685849117,1.2,10.808731439999999,0.09224682830999999,1.29,31.578256800000002,0.2083081122,1.06,52.4335875,0.305608065,1.06,71.26445916,0.26708472,1.09,22.95711212,0.1392582064,1.06,118.34571439999999,0.1566558784,1.09,126.42412886999998,0.17705057291999998,1.06,97.83366013700001,4.9319760415000005,1.08,84.446099948,5.976384618799999,0.96,1.0,1.2,1.17,1.06,1.03,1.04,1.04,0,0,1,326.0667,1,1.343,1.3062,171.8,12.48,0,1
17577,350.404,4591.274,150.2318115,2.3639772,0,319.0,26.72566,0.1447834,1.110511,2.195819,27.40178,0.1365278,1.646582,45.11926,0.2248041,52.84478,2.919,3.246,3.176,7.481,58.68471,0.4705725,0.35,65.10598482,0.024362179260000002,1.0,64.2650892,0.0326965314,1.0,65.47791096,0.03862807388,1.0,55.345891,0.09388829800000001,1.0,53.066281800000006,0.0817583088,1.0,60.64165773,0.09647959836999999,1.0,48.43657741999999,0.07785605058,1.0,53.291678,0.08088339919000001,1.0,66.39209841,0.099879289,1.0,58.09660142999999,0.12062524809999998,1.0,56.251173980000004,0.03403360741,1.0,69.48350532,0.04778843631,1.0,63.21405744,0.041600676899999994,1.0,55.277688000000005,0.0382782816,1.0,68.14022176,0.1132838096,1.0,68.57887008,0.1395381216,1.0,47.111534639999995,0.5039280333,0.38,44.13190644,0.5255510448,0.3,46.3363808,0.314605792,0.18,43.83215564,0.27682404229999996,0.2,45.333843550000005,0.39013412300000005,0.22,56.63498825,0.9904274279999999,0.08,42.86594,0.5592432,0.35,49.91511,0.9384322,0.54,-99.0,-99.0,0.0,-99.0,-99.0,0.0,-99.0,-99.0,0.0,-99.0,-99.0,0.0,-99.0,-99.0,0.0,50.36735736000001,0.1840022577,0.84,52.207953,0.2544732225,0.94,60.934149000000005,0.2685508776,0.66,51.29014376000001,0.1338441008,0.71,97.14595296000002,0.211026328,0.53,147.55054391999997,0.3593245149,0.17,255.15057700000003,4.8191441023,0.92,338.41103618,5.836226248799999,0.92,1.0,0.0,0.18,0.66,0.0,0.88,0.35,0,0,1,200.7048,1,-99.0,2.8405,435.5,11.520000000000001,0,1
17632,2306.064,4595.037,150.1502686,2.3641484,0,363.0,6.153538,0.07918807,1.066795,3.214068,5.530265,0.07467274,1.646582,9.106032,0.1229548,18.53954,4.34,4.552,3.943,10.422,19.77789,0.3728926,1.17,0.6206517012,0.035578489350000006,1.0,0.7650153420000001,0.0477049482,1.0,0.8742490063999999,0.05676801152,1.0,0.36095052,0.13796045,1.0,0.678165369,0.119450499,1.0,0.6111601007999999,0.14171424859999998,1.0,1.0542491267,0.11222659139999999,1.0,0.7420380143,0.117576393,1.0,1.5305428840000002,0.1465450504,1.0,0.9991134180999999,0.17427045789999998,1.0,1.040661497,0.049887275099999996,1.0,0.7265105466,0.07014375279,1.0,1.136814636,0.06123183929999999,1.0,0.93782784,0.056083896,1.0,1.476359248,0.1656804448,1.0,1.573278624,0.20500366080000001,1.0,10.16038143,0.39737481929999996,1.22,6.980475936,0.3807660252,1.2,1.81954704,0.168470288,1.3,2.512035448,0.154988314,1.28,3.9711306650000004,0.2335566325,1.26,19.00336195,0.35044645249999995,1.28,2.87129,0.4638526,1.09,14.10168,0.9712844,1.08,3.46135,0.167262,1.03,5.77088,0.327037,0.95,7.74714,0.158945,1.01,0.6600371703,0.10128407679,1.2,0.9277326162,0.1035911214,1.38,3.929608548,0.24099002190000002,1.06,9.8813547,0.35452347,1.07,19.74596652,0.3104651664,1.09,2.184791992,0.16070668480000003,1.06,47.92142440000001,0.19824387200000002,1.26,67.99711908599998,0.21161538098999996,1.19,94.00125250100001,6.1493256309,0.78,88.777072886,6.629562804199999,0.91,1.0,1.2,1.17,1.06,0.95,0.75,0.75,0,0,1,74.06002,1,-99.0,2.3662,227.20000000000002,8.937000000000001,0,1
17661,3545.835,4623.869,150.0985718,2.3653562,0,178.0,4.260765,0.07952866,1.116928,2.592406,4.296587,0.07499392,1.646582,7.074681,0.1234836,9.889295,3.319,3.208,2.993,7.22,11.04563,0.2487664,1.16,0.037662303060000006,0.028520951100000004,1.0,0.055267055999999995,0.0383249412,1.0,0.1292580564,0.04592813455999999,1.0,0.00764479715,0.11121439050000001,1.0,0.0171868347,0.0966638274,1.0,0.18020748309999998,0.1142158432,1.0,-0.08890834337,0.09089419262,1.0,-0.01223253449,0.09434460849000001,1.0,0.2256992095,0.11787905570000001,1.0,0.125184311,0.1402279018,1.0,0.1245434898,0.04021145542,1.0,-0.024014686320000003,0.056887785960000006,1.0,0.1004955618,0.049161674819999994,1.0,0.1358424,0.045221428800000005,1.0,0.3508006736,0.134781608,1.0,0.3019652384,0.16626733759999998,1.0,5.893558554,0.3252782727,1.18,3.8266615799999997,0.30462283079999997,1.16,0.6702192,0.136551184,1.28,0.9329647418,0.12653676360000002,1.25,1.31152288,0.190908193,1.22,11.032537949999998,0.286563653,1.25,0.5737535,0.3867596,1.02,9.246507,0.7834195,1.08,1.39926,0.138418,0.98,2.52718,0.233387,1.21,4.34031,0.130122,0.99,0.051737775179999994,0.10446568679999998,0.74,0.152792874,0.10060304669999999,0.94,1.390196691,0.19764355860000002,1.04,5.0927262749999995,0.29117424000000003,1.04,10.87910244,0.2542601988,1.07,0.5167228812,0.130995268,1.03,38.39711656,0.15015712560000002,1.23,56.937273938999994,0.16794232181999996,1.05,61.141750531999996,4.238654207300001,1.2,73.45346471399999,5.988173571399999,0.85,1.0,0.74,1.16,1.03,0.98,1.15,1.15,0,0,1,57.29247,1,-99.0,2.5642,247.9,8.641,0,1
17785,5024.173,4645.557,150.036911,2.3662651,0,319.0,8.382144,0.1648431,1.07896,3.3102,6.614573,0.1554437,1.646582,10.89143,0.2559508,25.71604,4.54,4.91,3.262,9.325,27.74657,0.6839728,0.27,1.5390040680000001,0.03627030162000001,1.0,1.9441422,0.0490459632,1.0,3.3822979959999997,0.058618246719999996,1.0,1.6659125000000001,0.14145254000000002,1.0,1.80679968,0.123137868,1.0,2.091964018,0.1472683264,1.0,1.969255673,0.1148279748,1.0,2.7430583509999997,0.1213132239,1.0,2.479816898,0.1499801436,1.0,2.7359543189999997,0.1790391911,1.0,2.750939747,0.051347201890000006,1.0,0.8607335569,0.07252928313,1.0,2.43819447,0.06262590527999999,1.0,2.4633758400000003,0.057848616000000005,1.0,4.780827376,0.1711067696,1.0,4.49637424,0.21084604799999998,1.0,15.630326460000001,0.9187329255,0.25,17.810345159999997,0.7808714736000001,0.3,5.881795680000001,0.25189584,0.63,8.603976407000001,0.26230173580000005,0.49,11.887358250000002,0.4139444615,0.42,29.146154649999996,1.258648485,0.11,20.14662,1.662536,0.09,83.21251,3.675466,0.08,-99.0,-99.0,0.0,-99.0,-99.0,0.0,-99.0,-99.0,0.0,-99.0,-99.0,0.0,-99.0,-99.0,0.0,11.063341440000002,0.2851682373,0.8,17.4357015,0.41716248000000006,0.83,29.17614888,0.45381645000000004,0.56,5.622163024000001,0.2239859344,0.59,39.6551672,0.3139213784,0.31,44.175611376,0.29846459097,0.45,56.31881144,5.3720653694,1.0,35.33457537799999,6.6391893738,1.0,1.0,0.0,0.25,0.56,0.0,0.96,0.27,0,0,1,42.55285,1,-99.0,2.1258,174.4,10.48,0,1
17860,2808.984,4725.05,150.1292877,2.3695681,0,164.0,6.144133,0.09079411,1.133324,2.27116,6.7401,0.08561701,1.646582,11.09813,0.1409754,12.31273,2.774,3.083,2.648,6.657,13.95431,0.2606119,0.89,0.020258814630000004,0.0250696683,1.0,0.034918813800000004,0.0336510096,1.0,0.2406344908,0.040173461679999994,1.0,0.10727452250000001,0.097345925,1.0,-0.0550784745,0.08455449870000001,1.0,-0.03764771088,0.10004668486999999,1.0,0.01068634798,0.07932352197,1.0,0.05708472671,0.08270060733,1.0,0.01649351686,0.1037179144,1.0,0.046438932749999995,0.12298429219999998,1.0,0.1122705918,0.0352469018,1.0,-0.027891017960000004,0.04960358930000001,1.0,0.0556307895,0.0431940549,1.0,0.10638936,0.0397152288,1.0,0.2742221456,0.1176118112,1.0,0.3983486368,0.14510362240000002,1.0,9.027606123,0.36039932160000004,0.74,6.489463488,0.34203995880000004,0.72,0.626564672,0.15681977600000002,0.75,1.756846533,0.1442030746,0.74,3.9116914,0.22390702850000002,0.68,14.366076399999999,0.34473510649999994,0.66,2.527352,0.4381481,0.61,11.93614,0.812841,0.77,3.29451,0.117554,1.04,4.88445,0.234274,0.92,6.66773,0.113398,0.99,0.09170128949999999,0.075447666,1.09,0.1520286183,0.07321258854,1.37,3.309476463,0.17340473520000002,1.03,7.96398015,0.25664079,1.03,13.76115768,0.224412174,1.05,1.030485396,0.11663768000000001,1.0,30.63761976,0.1504033008,1.19,40.04584681499999,0.15484328846999998,1.12,48.613968612,4.7125411253000005,1.02,34.382629879999996,5.797761209,0.93,1.0,1.09,0.68,1.0,0.92,0.98,0.89,0,0,1,78.72385,1,-99.0,2.0231,120.3,10.35,0,1
17872,4655.707,4718.226,150.0522766,2.3692918,3,153.0,4.60253,0.08057744,1.126803,2.332158,4.757789,0.07598289,1.646582,7.834089,0.125112,9.525914,3.005,3.312,2.619,6.862,10.73383,0.2387615,1.13,0.10029877776000001,0.025516157070000003,1.0,0.123577194,0.0345593508,1.0,0.37553245399999996,0.04132378932,1.0,0.38677849000000003,0.0996336175,1.0,-0.0038521486499999997,0.0868806687,1.0,0.06609697957999999,0.10307174691,1.0,0.1379556024,0.08174652178,1.0,0.1339947994,0.08488097651,1.0,-0.01689187817,0.1056007267,1.0,0.2641248169,0.1263643395,1.0,0.2285372157,0.03627541763,1.0,0.08429134541000001,0.05119294982,1.0,0.1362561822,0.0441677859,1.0,0.225046032,0.0406874208,1.0,0.39856878879999996,0.12105256799999999,1.0,0.4182154464,0.1489160704,1.0,6.8726823029999995,0.3053090016,1.11,4.53104232,0.2794706256,1.15,0.772701152,0.124687904,1.25,1.0686814189999998,0.1171907152,1.18,1.603059265,0.176475346,1.16,10.34519585,0.260389682,1.23,1.413366,0.3567879,0.97,8.65296,0.7436613,0.97,-99.0,-99.0,0.0,2.61206,0.242491,0.91,3.76608,0.207814,0.31,0.061976999789999994,0.28233097139999996,0.08,0.19541542409999998,0.2356422705,0.14,1.247382684,0.18056667780000002,1.0,5.5839252,0.26599534500000005,1.01,-99.0,-99.0,0.93,-99.0,-99.0,0.93,29.177682400000002,0.23154438640000002,0.43,41.121374345999996,0.20473988534999998,0.72,51.7688386,4.8061030282,1.11,34.714209372,5.185554101399999,1.19,1.0,0.08,1.11,0.93,0.0,1.06,1.06,0,0,1,62.61659,1,-99.0,2.5599,69.83,8.511,0,1
17986,3340.401,4673.679,150.107132,2.3674304,2,757.0,31.57216,0.07885181,1.055617,3.828514,26.88257,0.07435566,1.646582,44.26435,0.1224327,114.506,5.033,5.168,4.908,11.735,120.8745,0.4274312,1.17,32.080774590000004,0.04214095281,1.0,40.856696400000004,0.056616183,1.0,68.05665327999999,0.06779355572,1.0,33.256192500000004,0.16413787000000002,1.0,36.2027736,0.142678809,1.0,53.08698945,0.1687615066,1.0,54.376297359999995,0.1340303195,1.0,66.74446966000001,0.1392568265,1.0,68.76756472,0.1744202031,1.0,70.23934792,0.20709753399999997,1.0,64.17198882000001,0.05934964031,1.0,29.53623698,0.0838609867,1.0,57.30066828,0.0726324123,1.0,64.2296064,0.0668389296,1.0,81.89985023999999,0.1989261872,1.0,86.550144,0.24544422400000002,1.0,112.69753049999998,0.4785835764,1.19,103.2644736,0.4457889096,1.18,85.3322656,0.20196856,1.28,89.11731465,0.1884702716,1.23,98.6945111,0.2803896675,1.23,121.12358249999998,0.421521991,1.26,101.2721,0.5550812,1.08,111.5584,1.162362,1.07,92.0596,0.202122,1.0,97.2944,0.340588,1.24,101.768,0.191838,0.99,60.23624330999999,0.1544444373,0.74,74.65467204,0.1485511092,0.94,97.01760420000001,0.29192893740000003,1.04,108.89907000000001,0.4325309625,1.03,122.6023452,0.3755329308,1.07,84.65485308000001,0.19538418240000002,1.01,66.56376192,0.1773669784,1.25,63.024661673999994,0.20807829314999995,1.01,53.951213621,6.131763892,0.92,113.91433643999999,7.2443806323999995,0.94,1.0,0.74,1.17,1.01,0.99,0.88,0.88,0,0,1,361.5404,1,-99.0,0.3465,248.9,10.33,0,1
18114,2352.422,4673.303,150.1483307,2.3674095,0,185.0,7.904685,0.08093636,1.127507,2.30325,8.515876,0.07632135,1.646582,14.02208,0.1256693,16.14754,2.88,3.146,2.74,6.841,18.20647,0.2390465,1.12,0.7218817509000001,0.025510412910000002,1.0,0.66496599,0.034170380400000006,1.0,1.9152325279999998,0.04067639092,1.0,0.76439657,0.0988662735,1.0,0.7504591709999999,0.0856315488,1.0,0.6748290871,0.10144254355999999,1.0,0.5948496708,0.08040489995999998,1.0,1.100416031,0.08413801957,1.0,1.565654241,0.10508566550000001,1.0,1.6216528999999997,0.1249979374,1.0,1.133275878,0.035752498220000005,1.0,0.5716136848000001,0.05026756067,1.0,0.7578180312,0.043888711799999994,1.0,1.12667568,0.0402416352,1.0,2.9992988479999996,0.11876379839999998,1.0,3.14118784,0.1469130624,1.0,13.06494096,0.292356957,1.16,12.878121720000001,0.2772796176,1.16,5.67730416,0.12218836799999999,1.27,6.7339070759999995,0.1123901922,1.25,7.800693565,0.16931433450000002,1.23,17.98376745,0.255828285,1.23,6.613226,0.3523655,0.97,15.30302,0.7306868,0.98,7.45554,0.119865,1.03,10.3546,0.235481,0.94,12.1404,0.113922,1.01,0.8908589219999999,0.08249442117,0.93,2.2062226679999997,0.07893829125,1.22,7.3380833370000005,0.17269949250000002,1.06,13.63811925,0.256558995,1.05,17.510124599999997,0.2234747628,1.08,5.1778056,0.11680309000000001,1.03,30.597408,0.1716553784,1.25,34.81480337399999,0.16592667741,1.21,29.095968227000004,5.246797587200001,0.79,33.528927415999995,5.798821781199999,0.93,1.0,0.93,1.12,1.03,0.94,0.76,0.76,0,0,1,111.5792,1,-99.0,1.3692,50.410000000000004,10.02,0,1
19644,2714.084,4944.841,150.133255,2.3787253,0,211.0,7.987218,0.09636939,1.116744,2.36098,8.625671,0.09087439,1.646582,14.20287,0.1496321,16.88629,2.943,3.332,2.887,7.227,18.85766,0.3017435,0.79,0.6786258327,0.02613652635,1.0,0.951580188,0.034973874,1.0,1.6500842599999999,0.041779910919999996,1.0,0.6291726750000001,0.1010393705,1.0,0.8583556170000001,0.08788203480000001,1.0,0.828103718,0.10327746149,1.0,0.8811885621,0.08243642638,1.0,1.1785597890000001,0.08563325297999999,1.0,1.2025766510000002,0.10758087340000001,1.0,1.4310453779999999,0.12812273389999998,1.0,1.298901279,0.03670575202,1.0,0.657454545,0.051417749250000006,1.0,1.0283344799999998,0.045048523259999994,1.0,1.15979952,0.0415216272,1.0,2.11364608,0.1222796848,1.0,2.2113881600000003,0.1510402688,1.0,12.42005445,0.6360245337,0.26,11.48258184,0.5724518376,0.28,3.21716928,0.179674768,0.62,5.18514438,0.1869528427,0.48,7.052760200000001,0.28886572450000003,0.44,18.5859244,0.3817759945,0.57,4.556771,1.344564,0.07,16.6936,2.344744,0.1,6.38717,0.124833,1.0,9.0235,0.248788,0.88,11.1711,0.119233,0.97,1.0784530379999997,0.07821336998999999,1.1,1.6947442979999998,0.07810547589,1.3,6.483568986000001,0.1819006911,1.01,12.70306275,0.27053197500000004,1.0,19.32693984,0.2367311904,1.01,2.753547188,0.12378339199999999,0.96,33.791607199999994,0.14444762160000002,1.24,42.708867434999995,0.15629840108999998,1.17,60.513062963,5.085883399500001,0.85,45.715917098,5.0237074,1.15,1.0,1.1,0.26,0.96,0.88,0.81,0.79,0,0,1,94.91862,1,-99.0,2.1276,91.92999999999999,7.97,0,1
19664,4267.412,5060.498,150.0684814,2.3835511,0,224.0,11.31959,0.1038719,1.1246,2.274202,12.6573,0.09794913,1.646582,20.84127,0.1612812,22.89084,2.765,3.138,2.824,6.936,25.74303,0.3112845,0.68,2.614107381,0.025016415150000002,1.0,3.19733466,0.03379662,1.0,4.610543344,0.04030827504,1.0,2.70644205,0.097032384,1.0,2.90242575,0.0845558343,1.0,3.5671080859999997,0.09893360277999999,1.0,3.6738158379999994,0.07972543887,1.0,4.341959006,0.08213291768,1.0,4.315290206999999,0.1020723547,1.0,4.42860138,0.12427877839999998,1.0,4.101310859,0.035360137390000004,1.0,1.8068486930000003,0.050121335530000005,1.0,3.683181768,0.04331537526,1.0,3.99920208,0.039935750400000004,1.0,5.675916063999999,0.1182969216,1.0,5.785848512,0.1463525568,1.0,11.734529129999999,0.8680643796,0.13,18.867695400000002,0.7288123679999999,0.16,6.898358239999999,0.22125920000000002,0.38,9.373267462,0.218187151,0.33,10.567662100000002,0.3323542495,0.31,27.71811605,0.43029111,0.41,21.53057,3.42663,0.01,-99.0,-99.0,0.0,9.69044,0.119445,1.0,12.3067,0.203441,1.21,14.633,0.110887,1.03,3.913779168,0.09385318196999999,0.7,4.926516543,0.0962350389,0.8,10.39463541,0.18151172190000003,0.94,15.302248500000001,0.2681529375,0.93,25.7410404,0.2382331788,0.92,6.68629754,0.1230187252,0.9,26.774702240000003,0.20571286319999998,0.57,31.207167458999997,0.21402182528999997,0.69,31.730650616,4.8989513004,0.85,38.658618018,5.7170318911999995,1.01,1.0,0.7,0.13,0.9,1.0,0.81,0.68,0,0,1,129.2231,1,-99.0,2.2196,218.9,8.940999999999999,0,1
19718,2623.078,5011.219,150.1370392,2.3814902,0,192.0,5.346105,0.09636939,1.114211,2.634283,5.429621,0.09087439,1.646582,8.940314,0.1496321,12.63958,3.388,3.798,2.603,7.326,14.08316,0.306205,0.79,1.485116667,0.029206181520000003,1.0,1.74878496,0.0390077688,1.0,2.810784988,0.04662813408,1.0,1.67797455,0.11272521950000002,1.0,1.78696602,0.0980431683,1.0,1.66611541,0.1149227847,1.0,1.849756601,0.09195046399,1.0,2.092164338,0.09545333193,1.0,2.421659594,0.1198825221,1.0,2.7472886699999997,0.14310960229999997,1.0,2.241751498,0.040991185709999996,1.0,1.258330636,0.05728363653,1.0,1.674370056,0.050357267399999996,1.0,2.086656,0.0464377632,1.0,3.643731936,0.1364281984,1.0,3.5347873279999997,0.168589312,1.0,12.2052216,0.8548242747,0.18,8.408352072,0.7403340479999999,0.21,5.81606208,0.21490544,0.54,6.390114289,0.21841800109999998,0.44,7.77675756,0.333722728,0.41,14.65841405,0.4352819695,0.54,-99.0,-99.0,0.0,-99.0,-99.0,0.0,6.93016,0.140121,0.99,8.08409,0.273049,0.91,10.0985,0.132496,0.98,1.919602158,0.08647719323999999,1.12,2.825949555,0.08652850596,1.32,7.2449573130000005,0.20275113960000002,1.01,11.2472115,0.301626045,1.0,13.83911388,0.26357814360000004,1.01,5.061130112000001,0.13814948680000003,0.96,23.29502784,0.154418608,1.19,28.242742553999996,0.16897372946999997,1.12,24.226718417,5.0516843294000005,0.97,29.225372859999997,5.278784002,1.24,1.0,1.12,0.18,0.96,0.91,0.93,0.79,0,0,1,59.74864,1,-99.0,1.5272,66.38,9.14,1,0
19803,1941.734,4956.949,150.1654663,2.379225,0,237.0,5.853494,0.09130853,1.095382,3.000645,5.43938,0.08610209,1.646582,8.956384,0.1417741,16.03483,4.012,4.641,2.686,8.226,17.56426,0.3292933,0.88,0.5239750950000001,0.033469664610000005,1.0,0.475856004,0.0443338038,1.0,0.9660949759999999,0.05296555748,1.0,0.1408163,0.12916877000000002,1.0,0.267424962,0.11158938,1.0,0.6172203703,0.1312072631,1.0,0.4975235419,0.10464998313,1.0,0.5843495625,0.10901745689999999,1.0,0.7484224518,0.1366047748,1.0,0.8976957927,0.16407359359999998,1.0,0.5728879172,0.04644606803,1.0,0.5414587839,0.06523937649,1.0,0.4009609944,0.05750156436,1.0,0.530972784,0.052857696,1.0,1.458122432,0.154628344,1.0,1.57623264,0.1922239648,1.0,12.46680363,0.6393202539,0.42,8.535846072,0.549135546,0.51,3.1950336,0.207808944,0.75,3.866517018,0.2034649032,0.65,4.685886095000001,0.306834055,0.63,17.453254949999998,0.4269938485,0.73,5.089819,1.065655,0.18,15.79906,1.964961,0.23,4.9915,0.147294,1.16,6.38597,0.263067,1.28,8.91447,0.138708,1.16,0.5059306947,0.12415880639999999,0.69,0.9440092233,0.1216545525,0.87,4.8558367350000005,0.2301036048,1.01,10.539984,0.3423489825,0.99,17.25669432,0.2989605744,1.01,2.808557828,0.15765179840000001,0.96,47.15127016,0.1504350552,1.2,61.938377513999995,0.15844389561,1.19,49.50408992,5.1790006633,1.05,41.428318708,5.948518956599999,1.14,1.0,0.69,0.42,0.96,1.16,1.0,0.88,0,0,1,63.17361,1,-99.0,1.5443,122.0,11.950000000000001,0,1
19824,3428.941,5001.644,150.1034393,2.3810954,3,195.0,7.05766,0.09576519,1.110608,2.569581,7.098558,0.09030464,1.646582,11.68836,0.148694,16.3291,3.356,3.86,2.668,7.477,18.13523,0.3110791,0.8,5.306143866,0.028334265900000002,1.0,5.62727412,0.038069413200000006,1.0,8.389538388,0.0455234186,1.0,5.351019400000001,0.10980176900000001,1.0,5.5308309,0.0956068113,1.0,5.975296211,0.1120799085,1.0,5.576655007,0.08991798816,1.0,6.2410787999999995,0.09291902102999999,1.0,6.531209213,0.1163936922,1.0,6.747494123999999,0.13948038159999998,1.0,6.1770259020000005,0.03988133991,1.0,5.735674910000001,0.05616398393,1.0,5.83488501,0.04887999168,1.0,6.2167392,0.0451522992,1.0,10.94584608,0.13349009439999998,1.0,10.84704576,0.16547034240000003,1.0,15.02947341,0.7215900815999999,0.24,14.364512880000001,0.5844258851999999,0.31,12.9170672,0.200801264,0.59,11.97802931,0.2022951983,0.49,14.7821405,0.3136368675,0.44,18.636449399999997,0.41533368899999995,0.57,14.26465,1.034752,0.14,19.60056,2.433151,0.11,13.7341,0.111105,1.49,14.8026,0.23183,1.21,14.6621,0.105638,1.47,6.093723474,0.07717654815,1.34,9.194947749,0.07749513954,1.55,13.460694570000001,0.2010536478,0.99,15.850175250000001,0.2967951525,0.98,18.809426880000004,0.2600909352,0.99,12.98581924,0.13588289720000002,0.94,25.147839440000002,0.1815243944,1.19,18.772473096,0.20247058025999998,1.09,19.761487968,5.269334667,1.04,22.192520867999995,6.817954475199999,0.87,1.0,1.34,0.24,0.94,1.21,1.0,0.8,0,0,1,78.6068,1,-99.0,1.0434,84.42,10.24,1,0
19846,1498.371,4962.73,150.1839447,2.3794627,2,236.0,6.339134,0.09236415,1.10099,2.653468,6.269502,0.08709753,1.646582,10.32325,0.1434132,15.27779,3.511,4.072,2.842,7.926,16.82069,0.3197306,0.86,0.5174111955,0.029606477670000002,1.0,0.605737236,0.039090511200000004,1.0,1.04802214,0.0468729316,1.0,0.464998655,0.11460068150000001,1.0,0.6297776939999999,0.0987263277,1.0,0.6385484176,0.11636688809999998,1.0,0.44855086429999996,0.09280113535,1.0,0.5760361409,0.09630822344,1.0,0.8171445938,0.12072304519999999,1.0,0.8914310061999999,0.14566211029999998,1.0,0.5776062299,0.04075551475,1.0,0.3787255952,0.057631324660000004,1.0,0.578494053,0.05093954922,1.0,0.55831728,0.04683813120000001,1.0,1.590922944,0.1367412384,1.0,1.752009216,0.1704963776,1.0,9.70220067,0.7503902922,0.24,8.604466175999999,0.6408670068,0.29,2.45504992,0.193908752,0.68,4.527405116,0.3341888433,0.19,5.407587815,0.29122667150000003,0.54,16.77702835,0.382775379,0.72,-99.0,-99.0,0.0,21.77715,5.892535,0.02,5.10719,0.157468,0.79,6.63495,0.233509,1.26,8.61091,0.130881,1.01,0.7801647938999999,0.10609866089999999,0.73,1.028831895,0.1035367398,0.93,5.021082558000001,0.20378115270000002,1.01,9.483940725,0.30190634250000004,0.99,16.2850986,0.2655507744,1.0,2.548693992,0.1401126672,0.95,36.31214152,0.1475566184,1.11,46.81723328099999,0.16705721682,0.95,47.827288626,4.925748083,0.93,38.472822263999994,5.476877318,1.06,1.0,0.73,0.19,0.95,0.79,0.89,0.86,0,0,1,71.98254,1,-99.0,1.7188,191.6,11.15,0,1
20097,4058.608,4984.721,150.077179,2.380393,0,173.0,3.530454,0.09345726,1.112519,2.612753,3.564322,0.0881283,1.646582,5.868947,0.1451104,8.291281,3.34,3.549,2.84,7.397,9.224204,0.3000745,0.84,0.152196306,0.028772856450000002,1.0,0.288019602,0.0387554856,1.0,0.7338141316,0.04627647904,1.0,0.00535141705,0.11164011700000001,1.0,0.324624258,0.09725750159999999,1.0,0.46369318319999997,0.11366863809999998,1.0,0.3403708693,0.09168589507,1.0,0.8123182936,0.09452328291999999,1.0,0.702054777,0.1175900942,1.0,0.8183887613999999,0.1425069268,1.0,0.5787111822,0.040606556610000004,1.0,-0.048902378930000004,0.057556598400000006,1.0,0.481223451,0.049688700899999994,1.0,0.651284736,0.045834384000000006,1.0,0.7856606368,0.1358003296,1.0,0.997144512,0.1682711872,1.0,6.239483088,0.6466158417,0.31,5.7085580160000005,0.5564943108,0.36,1.50524576,0.195762176,0.64,2.474123873,0.19364846149999998,0.55,2.0640178400000004,0.30447409750000004,0.49,9.22853272,0.3973114215,0.64,4.896582,1.016461,0.15,9.093988,2.275778,0.13,2.65391,0.138311,0.99,3.96118,0.269066,0.92,5.43368,0.145108,0.8,0.5495825586,0.1079254809,0.7,0.9059119992,0.1039834458,0.9,2.5645626810000004,0.2056844583,0.97,5.576783100000001,0.30666641250000004,0.94,9.509465268000001,0.26952024599999996,0.95,1.654534792,0.14035274800000003,0.91,19.91850808,0.19569115360000003,0.73,26.567509527,0.19662482619,0.88,41.02514346700001,4.8832082659000005,0.99,30.412071731999998,5.8376378778,1.0,1.0,0.7,0.31,0.91,0.8,0.95,0.84,0,0,1,40.44469,1,-99.0,2.5835,75.97,8.446,0,1
20231,2645.404,4748.141,150.1361084,2.3705294,0,764.0,70.64133,0.0893015,1.073084,2.674785,74.37618,0.08375555,1.646582,122.4665,0.1379103,176.0817,3.476,4.845,3.665,9.818,188.9504,0.3928446,0.92,0.8889326940000001,0.02957189304,1.0,1.22684874,0.039649428,1.0,15.0777616,0.04728684355999999,1.0,0.63655812,0.1146770785,1.0,0.9056926200000001,0.09954304709999999,1.0,1.3614721919999997,0.1177052201,1.0,1.675961826,0.09338481152,1.0,4.659925336,0.0974432019,1.0,8.496593529,0.1221364218,1.0,11.17876956,0.14500068659999998,1.0,4.531713758,0.04153201533,1.0,0.6320736839,0.05838938657000001,1.0,2.330646114,0.05092352226,1.0,4.609995840000001,0.0468010128,1.0,28.86470288,0.138310016,1.0,30.875021760000003,0.1707581152,1.0,123.52549409999999,0.48000447989999995,0.58,104.233428,0.4473868344,0.59,47.3299488,0.161597296,0.98,57.63505982,0.1566119919,0.87,76.4028572,0.246438933,0.78,188.8816495,0.3490661095,0.89,53.52934,0.6717007,0.36,172.3443,1.345116,0.39,69.1776,0.141254,1.0,84.822,0.275936,0.92,101.269,0.133573,0.99,3.7479140609999995,0.10774482869999999,0.74,19.43676072,0.10313761769999999,0.96,71.14652631,0.20390199750000002,1.03,118.0631025,0.304830015,1.01,187.472556,0.2650811004,1.04,43.418612679999995,0.1381513772,0.99,289.03536080000003,0.18579719520000001,1.3,260.05915610999995,0.18586278242999998,1.15,224.90658675,4.6520170116,1.2,282.10776411999996,5.8175673684,1.12,1.0,0.74,0.58,0.99,0.92,1.14,0.92,0,0,1,888.015,1,0.927,0.9308,565.5,10.92,1,0
20310,4552.945,4824.996,150.0565643,2.37374,0,295.0,26.43417,0.08359071,1.120693,2.21431,30.35773,0.07882435,1.646582,49.98647,0.1297907,52.22969,2.608,3.077,3.001,7.08,58.53344,0.2560851,1.05,1.236693714,0.024253279560000004,1.0,1.35448092,0.032818819799999996,1.0,5.000472136,0.039223147039999996,1.0,1.2208578,0.0945065835,1.0,1.34755362,0.0824733,1.0,1.3417749669999999,0.09748129669999998,1.0,1.4808053259999998,0.07768178109999999,1.0,2.59473753,0.08036892105,1.0,3.775388457,0.10004861030000001,1.0,4.517787225,0.12033758449999998,1.0,2.5547397579999997,0.034435363760000004,1.0,1.0360622167000002,0.04867472451000001,1.0,1.638365304,0.042002096339999996,1.0,2.56357728,0.0387047328,1.0,8.450040768000001,0.1150582992,1.0,9.114275520000001,0.14171702400000002,1.0,33.05787762,0.3333041952,0.84,32.67208464,0.30153936480000004,0.89,15.0937424,0.12624559999999999,1.1,17.703111789999998,0.1169444107,1.07,21.977190800000002,0.1816553785,0.99,58.18731835,0.26022800199999996,1.1,20.36429,0.4237217,0.62,135.2392,0.8692638,0.64,21.1643,0.120345,0.95,25.2238,0.261413,0.7,32.322,0.112726,0.94,2.716410297,0.17460136619999997,0.19,7.252242776999999,0.187266924,0.2,20.99876661,0.171363591,1.0,33.56457825,0.25449018,0.99,56.993826240000004,0.2306205864,0.95,13.788105000000002,0.1177539612,0.94,97.08217168,0.2205263432,0.46,148.93370270999998,0.18432946817999998,0.8,220.21890627000002,4.3014316274999995,1.18,269.51984007999994,5.1330763968,1.22,1.0,0.19,0.84,0.94,0.7,1.13,1.05,0,0,1,385.1313,1,-99.0,0.903,667.4,7.893000000000001,1,1
20341,4872.95,4818.354,150.0432281,2.3734641,0,187.0,5.310599,0.1038719,1.118845,2.539235,5.162072,0.09794913,1.646582,8.499772,0.1612812,12.05248,3.348,3.294,2.856,7.147,13.48486,0.3213812,0.68,0.07302299301000001,0.027753148380000002,1.0,0.0556507536,0.0376149384,1.0,0.1388494844,0.04494673744,1.0,0.085255196,0.10817863400000001,1.0,0.115250037,0.0943175121,1.0,-0.1509897528,0.11289370069999999,1.0,0.09739976092,0.08839872118,1.0,0.1037965159,0.09239161580000001,1.0,0.06612057599,0.11498031560000001,1.0,0.2322052992,0.1377797225,1.0,-0.02099947655,0.03939600258,1.0,-0.09259080134,0.0555134186,1.0,0.1841460432,0.04807165518,1.0,0.051068808,0.0443991696,1.0,0.1627459184,0.13167177919999998,1.0,0.5717712576,0.16225038079999998,1.0,6.6752979539999995,0.48230896230000003,0.53,4.631894796,0.4147559256,0.62,0.846888864,0.15811297600000002,0.93,1.5643716399999998,0.1505925031,0.86,2.63794763,0.22843794900000003,0.81,13.629522949999998,0.411483684,0.6,2.337796,0.6660151,0.33,10.25714,1.388191,0.33,-99.0,-99.0,0.0,-99.0,-99.0,0.0,-99.0,-99.0,0.0,-99.0,-99.0,0.0,-99.0,-99.0,0.0,2.399949405,0.21418041420000003,0.84,5.717919375,0.30853074,0.89,13.1445774,0.31920594480000003,0.66,0.60620402,0.159913662,0.68,53.240999040000005,0.24942924,0.37,73.94770082699999,0.23911434377999996,0.58,99.09839239600001,5.473947945300001,0.87,52.209579682,5.687340099199999,1.02,1.0,0.0,0.53,0.66,0.0,0.84,0.68,0,0,1,52.70156,1,-99.0,2.1251,429.8,8.649000000000001,0,1
20380,4757.693,4824.648,150.0480347,2.3737261,0,254.0,17.55708,0.09079411,1.12676,2.139357,20.18462,0.08561701,1.646582,33.23562,0.1409754,33.33527,2.558,3.013,2.88,6.864,37.56084,0.2690882,0.89,0.3314882934000001,0.02338555239,1.0,0.54052284,0.0316999722,1.0,3.9568456839999997,0.03788227828,1.0,0.31070563500000004,0.0911831935,1.0,0.472460709,0.0795357591,1.0,0.5708719903999999,0.09480312167999999,1.0,0.5817815695999999,0.07472785012,1.0,1.449998616,0.07773440015000001,1.0,2.4119971270000002,0.09681741239,1.0,3.0919987979999997,0.11612493339999999,1.0,1.464360301,0.03322725648,1.0,0.2926029599,0.04685299263,1.0,0.8529622656,0.04052715012,1.0,1.35107328,0.0373878048,1.0,6.911359728,0.11106480319999999,1.0,7.7138615360000005,0.13674653439999998,1.0,25.24698195,0.3483133977,0.72,21.57462912,0.2998979976,0.84,10.1215104,0.126263168,1.03,12.4388602,0.11717332899999999,1.0,18.43863985,0.180136496,0.93,36.210762249999995,0.274670068,0.94,14.23296,0.4470125,0.52,35.46247,0.9228869,0.53,-99.0,-99.0,0.0,-99.0,-99.0,0.0,-99.0,-99.0,0.0,-99.0,-99.0,0.0,-99.0,-99.0,0.0,16.747201080000004,0.1735236918,0.91,23.8911225,0.254113125,0.93,36.658104120000004,0.2468664648,0.78,9.64349752,0.1246756608,0.79,65.355638,0.24115444160000002,0.38,60.359860430999994,0.20022678701999996,0.66,54.396846384,5.3501435577,0.85,44.313371163999996,5.265167862199999,1.13,1.0,0.0,0.72,0.78,0.0,0.81,0.81,0,0,1,235.7548,1,-99.0,1.0026,192.70000000000002,9.059,0,1
20467,3243.447,4814.586,150.1111755,2.3733008,0,221.0,8.217457,0.0820426,1.120922,2.270127,9.310761,0.07736451,1.646582,15.33093,0.127387,16.64226,2.735,3.187,2.891,7.072,18.65467,0.2510484,1.09,0.10686901977,0.025016415150000002,1.0,0.177347586,0.033590777999999995,1.0,0.32068475119999995,0.04018293356,1.0,0.21554196500000003,0.097172646,1.0,0.162927618,0.0845613993,1.0,0.12460734359999999,0.09975074080999999,1.0,0.12275027379999999,0.07941846296999999,1.0,0.12641591710000002,0.08238684982,1.0,0.1877377796,0.1034046193,1.0,0.19585434399999999,0.1229427633,1.0,0.169951255,0.03520227308,1.0,0.0030445240970000003,0.049652372390000005,1.0,0.1354818564,0.043114292820000004,1.0,0.23066303999999999,0.0397351104,1.0,0.5842524896,0.1178810256,1.0,0.3618686432,0.14564056320000002,1.0,12.64875687,0.3311655657,0.88,9.51095796,0.2963158884,0.94,1.31719008,0.12889836799999999,1.11,1.661850268,0.12007682439999999,1.07,3.224513335,0.1851403975,0.99,18.664036049999996,0.261879159,1.14,2.49518,0.4117786,0.69,16.56295,0.8344339,0.73,2.81513,0.119793,1.0,5.6631,0.202715,1.23,8.83947,0.113019,1.0,0.12637433309999999,0.07700097044999998,1.05,0.3692355264,0.07634661957,1.25,2.6360216100000002,0.17569701,1.01,11.55194775,0.26290708500000004,0.98,18.71955936,0.229806162,1.0,0.9340627084,0.1194562664,0.95,35.13920944,0.1504562248,1.17,43.861857273,0.15684362577,1.03,42.398827361,5.1781796367,0.78,39.98640577199999,6.195997082199999,0.8,1.0,1.05,0.88,0.95,1.0,0.75,0.75,0,0,1,120.3493,1,-99.0,2.5084,38.54,9.334999999999999,0,1
20482,3419.418,4783.143,150.1038361,2.3719916,3,229.0,7.228631,0.07918807,1.102258,2.35885,8.108988,0.07467274,1.646582,13.35211,0.1229548,15.46939,2.88,3.625,3.141,7.862,17.05126,0.2716863,1.17,1.522872552,0.02597856195,1.0,1.82244192,0.034887075600000005,1.0,3.022872336,0.04175526564,1.0,1.4407341500000002,0.10101069150000001,1.0,1.87834332,0.08789338740000001,1.0,2.106545361,0.10364960412999999,1.0,2.080568721,0.08260594881,1.0,2.264916357,0.08563635949000001,1.0,2.833688276,0.1073081343,1.0,2.766959188,0.12778239949999998,1.0,2.197112991,0.03657382326,1.0,0.9937822974000001,0.051685001140000006,1.0,2.149970094,0.04476395154,1.0,2.28652992,0.041247297599999996,1.0,4.019531984,0.122550688,1.0,4.029143168,0.1514678016,1.0,14.430269189999999,0.3311161008,0.95,13.54713468,0.29529499200000003,1.02,6.20201152,0.13145256,1.15,9.542570414,0.12353764410000001,1.09,11.6139594,0.18788626,1.04,17.192444899999998,0.269957096,1.16,11.30403,0.4024308,0.78,16.61836,0.83347,0.79,11.1541,0.124528,1.0,12.3688,0.211598,1.22,13.5073,0.1182,0.99,2.373993186,0.09588663560999999,0.73,3.441063717,0.0924613443,0.92,10.98904077,0.1826295363,1.01,14.4084885,0.271521495,0.99,16.820720639999998,0.2376385812,1.01,5.265643036,0.12343555840000002,0.96,23.81671176,0.1648502952,1.2,25.235728478999995,0.17813612817,1.06,32.679679077,5.3474114863,0.79,33.874390569999996,6.031341926399999,0.93,1.0,0.73,0.95,0.96,0.99,0.75,0.75,0,0,1,108.5937,1,-99.0,1.8766,68.45,8.852,0,1
20515,1987.337,4794.605,150.163559,2.3724613,0,267.0,10.02631,0.08359071,1.097762,2.714826,9.377182,0.07882435,1.646582,15.4403,0.1297907,24.79561,3.626,3.788,3.188,8.097,27.21968,0.2962282,1.05,2.039033196,0.03020805876,1.0,2.2529964600000003,0.040211386800000005,1.0,3.59071614,0.04789534288,1.0,1.9579322000000001,0.11676871750000001,1.0,2.24214963,0.10091225969999999,1.0,2.398485218,0.1192637293,1.0,2.70972163,0.09480955945999998,1.0,3.659799473,0.09897270713,1.0,3.268560125,0.1237191197,1.0,3.2357799529999998,0.1480292576,1.0,2.868882884,0.04202205042,1.0,1.284782739,0.05914720022000001,1.0,2.812806024,0.05188467396,1.0,3.0141508800000003,0.0475764864,1.0,4.5515926559999995,0.1397330064,1.0,4.66065456,0.173508464,1.0,17.10981192,0.3958375278,0.89,15.38654256,0.36219628800000003,0.96,5.37001056,0.156559184,1.08,7.940992305999999,0.1431425164,1.07,12.22319455,0.2187754815,1.02,26.96327255,0.331247963,1.01,10.62992,0.5466208,0.56,20.5428,1.004798,0.72,10.7258,0.14792,0.94,12.9564,0.183625,2.15,15.0361,0.139206,0.94,2.8953168689999997,0.10998369809999999,0.72,3.76165296,0.1048360716,0.96,11.314188810000001,0.20721484440000001,1.02,17.17764825,0.30670731000000007,1.01,26.65898676,0.26977203000000005,1.02,5.703809400000001,0.1413281944,0.98,60.51323872,0.1575665904,1.17,84.381578892,0.15768999440999998,1.22,115.62985332,5.409686052800001,0.91,91.774907626,5.913840466199999,1.0,1.0,0.72,0.89,0.98,0.94,0.87,0.87,0,0,1,118.963,1,-99.0,2.1339,596.0,12.409999999999998,0,1
20529,823.982,4794.181,150.2120667,2.3724351,2,334.0,14.30036,0.08439837,1.089844,2.659548,13.45933,0.07958595,1.646582,22.16188,0.1310448,34.89719,3.635,4.035,3.344,8.559,38.03251,0.3180671,1.03,1.5258523350000002,0.029465865420000004,1.0,1.58121132,0.0392556918,1.0,4.16873072,0.047065219959999995,1.0,1.5343867500000001,0.11442426950000001,1.0,1.48279425,0.09878030819999999,1.0,1.4621492959999998,0.11716017359999999,1.0,1.508443706,0.09408283885,1.0,3.1170019869999996,0.09742356074,1.0,3.415981185,0.1207007394,1.0,4.277790699,0.1464541981,1.0,2.994968805,0.04086062713,1.0,1.4245655320000001,0.057964365450000006,1.0,2.0596320839999995,0.0508459965,1.0,2.83348368,0.0467494848,1.0,6.36142,0.1373163376,1.0,6.641536896,0.1698374048,1.0,22.308184949999998,0.4073832174,0.83,19.2780372,0.4199444592,0.67,8.82935472,0.161250816,0.99,9.757425210000001,0.2853886776,0.27,12.759800400000001,0.21470764700000003,1.0,35.7019755,0.34916918049999995,0.92,11.33622,0.5845169,0.47,29.2095,1.00551,0.69,-99.0,-99.0,0.0,-99.0,-99.0,0.0,-99.0,-99.0,0.0,2.273091828,0.15006615869999998,0.37,4.5327937590000005,0.1485404271,0.45,12.1892751,0.1960924023,1.09,20.98291125,0.28723511250000006,1.09,37.34760492,0.2613944016,1.03,8.144485936,0.1358876232,1.02,76.91018384,0.17313850800000002,0.79,84.41647285499998,0.26052461721,0.42,61.852400243,5.4911995409,0.85,63.85395397999999,5.386500282599999,1.07,1.0,0.37,0.27,1.02,0.0,0.81,0.81,0,0,1,169.1169,1,-99.0,1.2322,184.70000000000002,11.530000000000001,0,1
20555,2482.539,4680.423,150.1428986,2.367707,0,509.0,15.4292,0.08399163,1.057074,4.193798,12.0874,0.07920241,1.646582,19.90289,0.1304132,61.21325,5.396,6.044,4.061,11.543,64.70692,0.4448341,1.04,2.832983811,0.046398931080000004,1.0,3.4070805600000003,0.0622054524,1.0,10.41640116,0.0741009082,1.0,2.52868045,0.179943855,1.0,3.8597838299999996,0.15598027199999998,1.0,3.6458430209999997,0.18474054310000002,1.0,4.3440782,0.1463948024,1.0,5.513183422999999,0.1531018401,1.0,6.637820798000001,0.19143344510000002,1.0,9.129460150999998,0.22741630799999998,1.0,5.2039730010000005,0.06511437904999999,1.0,2.925756513,0.09155084020000001,1.0,4.096360524,0.07986653478,1.0,4.94607696,0.07328376,1.0,14.4584232,0.2165011472,1.0,13.893385279999999,0.2675252832,1.0,40.07384325,0.6287561031,0.83,33.804420240000006,0.570918132,0.9,18.5661552,0.234809984,1.14,20.83127553,0.2192081073,1.09,29.62216675,0.33669617550000003,1.03,63.75133345,0.4905482355,1.11,24.03272,0.8157742,0.6,64.51258,1.714686,0.59,25.3397,0.218221,1.03,31.0639,0.423973,0.96,33.4283,0.208408,1.0,4.381972835999999,0.16748082779999998,0.75,11.081513430000001,0.1636439454,0.94,26.84793816,0.3162093012,1.05,37.8557235,0.46794520500000003,1.05,59.98017816,0.4074852888,1.08,16.59374216,0.2125320008,1.03,111.6970976,0.250533832,1.28,95.95175475599999,0.23799286367999997,1.19,99.339822394,6.5736869798,0.86,71.267195048,7.493011323999999,0.99,1.0,0.75,0.83,1.03,0.96,0.82,0.82,0,0,1,152.614,1,-99.0,0.9636,399.5,11.07,0,1
20590,4960.441,4784.395,150.0395813,2.3720496,2,534.0,8.967489,0.1187821,1.039912,4.418452,7.174784,0.1120091,1.646582,11.81387,0.1844322,38.10172,5.823,6.149,4.151,14.298,39.62242,0.8068423,0.52,0.7140026781000001,0.048335790030000006,1.0,1.14362976,0.0654401124,1.0,1.747313568,0.07819367996,1.0,0.27500148500000005,0.188337885,1.0,0.9559289879999999,0.164115189,1.0,1.202944608,0.19672293169999996,1.0,1.1577105540000001,0.1534214913,1.0,1.510405204,0.1611366779,1.0,1.5148781290000002,0.2001104013,1.0,1.5794554859999999,0.23965315289999997,1.0,1.5282596240000001,0.06849940874,1.0,0.3615497271,0.09658120845000001,1.0,1.2139769939999998,0.08362094333999999,1.0,1.30372224,0.0773057712,1.0,2.95156472,0.2287767872,1.0,2.959839872,0.28216070719999997,1.0,24.425767620000002,0.9673860191999999,0.4,24.11138196,0.8492110908,0.45,4.69550672,0.301405392,0.78,9.7401356,0.3029342511,0.65,15.94965155,0.46937130400000004,0.58,37.730352149999995,0.986817922,0.32,14.80077,1.452776,0.21,31.9501,3.365494,0.17,-99.0,-99.0,0.0,-99.0,-99.0,0.0,-99.0,-99.0,0.0,-99.0,-99.0,0.0,-99.0,-99.0,0.0,14.84351784,0.38126723220000003,0.8,24.79994475,0.552908265,0.84,40.03162236,0.5885218584,0.59,4.738854720000001,0.287213198,0.64,90.14730416,0.3906275376,0.32,116.57384738999998,0.34639052759999994,0.51,131.60715140000002,6.994122858000001,0.91,93.675023704,7.8032926652,1.05,1.0,0.0,0.4,0.59,0.0,0.87,0.52,0,0,1,64.05536,1,-99.0,1.9906,472.0,9.306999999999999,0,1
20632,4300.288,4793.32,150.0671082,2.3724194,2,357.0,23.1105,0.08057744,1.099067,2.393928,24.80643,0.07598289,1.646582,40.84581,0.125112,50.33804,3.038,3.698,3.208,8.025,55.32486,0.2827542,1.13,1.5373406550000002,0.02629317438,1.0,1.7804521800000002,0.0354640416,1.0,5.516487283999999,0.042404319319999995,1.0,1.7035808,0.10237354650000001,1.0,1.4681471700000002,0.0893022228,1.0,1.713108132,0.10486478799999999,1.0,1.834428904,0.08419779290999999,1.0,3.36164466,0.08691393677999999,1.0,4.846208803000001,0.10809897630000001,1.0,4.863763478,0.1301495468,1.0,3.26308367,0.037244624239999996,1.0,1.3880588990000002,0.052771014510000006,1.0,2.222659812,0.04543633841999999,1.0,3.1856433600000003,0.0418459344,1.0,10.06056896,0.124393152,1.0,10.445939200000002,0.1534809088,1.0,37.3673373,0.3473376783,0.9,37.215970799999994,0.3101305716,0.98,15.705987199999997,0.13393355199999998,1.14,18.55542195,0.12409690020000001,1.11,22.6680597,0.1931790955,1.03,54.8370056,0.272845105,1.16,20.31248,0.4137542,0.76,47.77082,0.8739738,0.74,20.9144,0.127004,0.98,28.6783,0.24203,0.95,35.0406,0.118833,0.99,2.7818713469999996,0.09587476128,0.74,6.946938648,0.09379456749,0.93,21.4329582,0.1891985841,0.96,35.5973835,0.28193938500000004,0.94,53.525307960000006,0.2485553544,0.95,14.36344824,0.127493302,0.93,96.14112008000001,0.1919409904,0.59,101.75847048899999,0.19027768617,0.88,84.44348914,5.320487233800001,0.78,101.05865757199999,6.520223414599999,0.83,1.0,0.74,0.9,0.93,0.95,0.75,0.75,0,0,1,326.4739,1,-99.0,1.2744,231.4,8.515,0,1
